CycID	meta2d_phase_diff	meta2d_rAMP_diff	meta2d_rAMP_diff_sub
0610037P05Rik	6.69429527983643	2.618162504886065	0.1422684157045413
0610040B10Rik	0.8161053833212506	2.5182766080664414	0.317124439791495
0910001L09Rik	1.0626385781044192	2.593249148978954	0.222181770164863
1110001A16Rik	2.6159483193653594	2.2645540056642472	0.185392223694561
1110001J03Rik	5.147559229528969	2.2178552019196287	0.205159672431671
1110006O24Rik	0.9571640686135012	2.062512965512785	0.129554149286832
1110008P14Rik	6.48366993610126	2.2767692620969213	0.130435805467572
1110038B12Rik	2.60534873724424	3.0614415320645305	0.2832517261702
1110067D22Rik	0.1938329786428987	1.900427991972048	0.2439447441605849
1190005I06Rik	3.09811259696326	1.4684065979358965	0.207487249100214
1190007I07Rik	7.46637674411121	2.73317199581219	0.177984136939383
1500003O03Rik	3.2692287581873	4.076418132928028	0.2416226453731202
1500010J02Rik	6.342268615001842	2.606019898304219	0.254105699284945
1500032L24Rik	5.278184116699171	2.280189264815199	0.183465827659506
1600029D21Rik	2.156305276961604	1.4208572419211916	0.318343533165987
1700017B05Rik	2.756173486317701	26.958386220875607	0.4355915351055093
1700018L02Rik	10.26023980684499	5.871558169101911	0.3642616354975029
1700019D03Rik	2.1514205125144006	1.7811933501768555	0.289281828910568
1700019E19Rik	0.6465728860216	4.131081405772177	0.2857196281364262
1700030A11Rik	3.2826705398328397	1.5388910507634763	0.3186836856249769
1700057G04Rik	10.887547556855	5.985320167672469	0.8318478778930449
1700084C01Rik	5.332539148387376	1.9965235652816231	0.4911591959535999
1810011H11Rik	7.379257088630712	2.128361975715343	0.1988591374942649
1810013A23Rik	1.8386681799354	4.189961530950865	0.2857434919379915
1810021B22Rik	5.452674882943301	1.7776828244341298	0.20771165940094
1810027O10Rik	4.135309683183899	3.679360682673184	0.1766724461727692
1810029B16Rik	1.7990842597108312	18.58606683118717	0.5428721018451591
1810030N24Rik	9.79698137247936	9.486251429597557	0.2424383358416891
1810031K17Rik	6.091408182414179	3.5196447549801824	0.104432080116004
1810043H04Rik	7.3230039127387005	2.355356695300584	0.227451978580413
1810055G02Rik	2.86092942891446	1.4854854454024764	0.2012553058559689
2010001M06Rik	9.484209941120527	4.398714336151735	0.2557070040157537
2010002N04Rik	9.845615723722998	3.4724933769093367	0.141642001711617
2010107E04Rik	4.78912461107121	2.425045939580623	0.21781474993775
2010109I03Rik	3.1394280110346	7.011190019962359	0.4819405029718331
2010317E24Rik	1.98346501459934	2.772055183560441	0.378690472588676
2200002D01Rik	2.2636727628357995	3.429458664572472	0.369290984996426
2200002J24Rik	5.259784413765729	2.0975492589950364	0.274115011057892
2210019I11Rik	0.0390736437766996	3.014616062363379	0.41476834947549
2210039B01Rik	8.184789826942225	1.973768088461628	0.217812476240032
2210411K11Rik	0.1130203578340989	3.2551801359142445	0.309782746072584
2310010J17Rik	9.62614092549207	10.34762220748184	0.6179922733028288
2310016M24Rik	6.0898645835128296	2.0452753909000165	0.109268224068882
2310022B05Rik	2.3163043357665	3.1586757417154363	0.2156847280042029
2310034G01Rik	5.998186240220661	2.6770217826432585	0.2738019127179719
2310036O22Rik	2.5812123346461604	2.0860512957858464	0.1231791936539809
2310040G24Rik	7.08274098659687	2.25887761717027	0.344625458540701
2400009B08Rik	2.9958615484417006	1.6069353918407767	0.4808356814613501
2410002I01Rik	1.0069128177634	4.656996596694139	0.1623608548989333
2410004B18Rik	10.4957840931447	4.086406547416431	0.1237196917985077
2410022L05Rik	7.358731060695661	3.1226252279572853	0.1757295293126717
2600006L11Rik	0.7892053190854007	3.1048724145521245	0.675122776148612
2610002J02Rik	9.9159337823147	4.9828919759334855	0.19940640900775
2610204G22Rik	8.376910822790819	13.07548642498968	0.5680767177743511
2610306M01Rik	2.2857605723612	2.3183392375417657	0.146556482679822
2610318N02Rik	8.39957184769047	7.062306607548714	0.4053577951228715
2610528E23Rik	8.85414363728762	2.3984392458993167	0.3348261343177449
2700046G09Rik	7.182651243077101	4.462326829582936	0.3438439681742955
2700099C18Rik	0.6624562405648569	1.843174275785146	0.2835106400459309
2810001G20Rik	11.774524317559418	31.733107445492628	0.2060942680928763
2810405K02Rik	0.2013439719023004	4.274558174969161	0.3074975452772081
2810432D09Rik	3.7106616380246287	3.218373979954695	0.2053462397037751
2810432L12Rik	7.141437288526399	5.202559009541159	0.1640603128953937
2810453I06Rik	1.2264855679511015	2.254547571645968	0.0818905849869993
2900092E17Rik	1.9591493786911995	2.27211408678434	0.0815942111993258
3110001D03Rik	7.23460053368302	9.756006118568942	0.2389326011421402
3300002I08Rik	8.58937222624743	2.2489750652864373	0.1014073168316407
4632427E13Rik	6.058273622044837	2.434455208435794	0.186220005613889
4732471D19Rik	7.537006280164679	4.629278668362085	0.368561845021628
4831426I19Rik	8.60420268967601	4.914050921778131	0.1155320145464271
4833442J19Rik	8.976669508370968	3.554550825513068	0.299113429598912
4921508A21Rik	8.29069622786919	2.3200133294007466	0.137028705385707
4921523A10Rik	2.2661712846137	4.578063095880724	0.3008880549426966
4921531C22Rik	3.0408212363510003	2.6149815493471795	0.248308083125532
4922501C03Rik	9.639325078065188	3.442504317838258	0.1450713354886888
4930428E23Rik	0.8231639955596002	1.5146487529796793	0.212922338283088
4930455F23Rik	7.011789039705201	4.556366585576142	0.1495459168700504
4930483K19Rik	7.663050787481531	2.2115053985512474	0.3987974639402569
4930515G01Rik	8.36053102531641	2.9330461602362816	0.344757638743927
4930526I15Rik	4.72222725202709	6.239070324941907	0.3176196254822883
4930534B04Rik	4.453798144321301	2.615555847596708	0.0713190834173694
4930547N16Rik	8.851468441065489	44.08742767158803	0.2184573933181162
4931406P16Rik	7.012993936379033	2.639482725571373	0.201237131705551
4933426M11Rik	7.068966959909979	2.0679624963353187	0.152770404445902
4933430H15Rik	10.8311213869316	2.800429369332622	0.0758093332729772
5033411D12Rik	3.3993308509224	2.750191365684481	0.337435322307834
5430417L22Rik	7.323968436622398	2.295169029393756	0.0755587424504228
5730403B10Rik	0.7152479848716009	2.009650136232952	0.156717680863506
5830418K08Rik	9.928581237246846	4.091406770703014	0.1785117883302245
6330418K02Rik	11.40412966951908	2.008319581287617	0.148996657119271
6720401G13Rik	2.1061715480459	3.814710817396028	0.1129405332305578
6720456H20Rik	4.78857635803767	3.401842770850936	0.1157111712513812
6720463M24Rik	9.890477306613118	4.421908511356497	0.380113579438477
9030425E11Rik	11.204115767515749	1.5526044017853378	0.2233571574014119
9030624G23Rik	1.630680930328411	2.6854149495631705	0.274062051356015
9130401M01Rik	11.76864979652766	2.466750519930296	0.1072908019634106
9530082P21Rik	11.3701427487198	4.903164758722541	0.1144796970230304
9930014A18Rik	3.149119331166901	13.079618859995865	0.4234008420547624
9930023K05Rik	3.1594146420175804	2.347600703342524	0.3804358647926339
A130022J15Rik	2.289891526215574	3.658269185066876	0.1340872360245314
A430107O13Rik	5.315418685832352	2.23559434121178	0.213441921152645
A430110N23Rik	0.889502718425998	2.3283643800547	0.1108093000404425
A630007B06Rik	5.8344763024327015	5.896461000062248	0.524057530150565
A630075F10Rik	2.1113721473787006	3.625855618481254	0.0569204254895268
AA986860	2.351497038969601	4.706545593056876	0.3272770606851353
AF251705	8.31237350846927	3.701407747248625	0.2287768213338518
AI428936	9.5049218074214	2.2155343949580164	0.14994528211438
AI462493	6.200989928757799	2.727587104016791	0.296186495288539
AI846148	4.608444241481299	2.86084075371172	0.1352679331621422
AU021092	8.08385656329278	2.1965968375225544	0.2215750279188559
AW554918	11.143690656653298	2.631766267308688	0.0721451139242592
AY761184	10.24118278418247	3.162327039878692	0.875762881634224
Aadac	9.127038386984353	2.5599863566924195	0.395391621265551
Aasdh	6.47293756118744	3.4532910374358123	0.0571034468438376
Abca1	4.36567880296717	2.1412781451716487	0.278502663725406
Ablim2	0.4483317265958995	2.7857520564562748	0.1269289020604853
Abt1	11.42427742080577	8.40498648689406	0.1550403528592082
Acaca	0.6238347306462995	3.0682167552237893	0.212949374323376
Acad10	2.7121815709302	2.860293883740285	0.1938451978877909
Acbd4	2.6692644032044504	2.3941593196790647	0.20166376185583
Acer2	0.2174097545359004	5.015436060349876	0.2826902509908566
Acot12	3.6877951868242302	1.5378873369962305	0.2034694392070499
Acot4	1.6235380870965006	2.7567059761197137	0.1877611563910289
Acox2	3.0441929804346994	1.4054665711605905	0.20627484550089
Acsl1	1.6898116773228011	2.119529531823314	0.305263722130965
Acsm5	0.7433282474428999	2.758939626100318	0.4340390595974279
Acvr1	2.2768669517773006	5.794963220476716	0.1497103673736682
Adat3	2.1768016751396893	4.610289940246129	0.239420760986066
Adck1	1.7496232276176684	5.294259043668843	0.1916435493920072
Adck4	1.1390738882499	4.282174285902001	0.2182664357685249
Adh4	4.71318399500125	1.6041775459654288	0.4682066627694169
Adh6a	9.5473775625741	2.3216982728682303	0.2851890620821879
Adipoq	2.763407954466599	2.0089597618999147	0.925888492572136
Adnp2	2.8733742733221987	2.0058705978682405	0.1468600051802709
Adora2b	7.74119815655954	2.101254165514732	0.479094120584148
Adrb3	10.179055774658242	25.95696586574708	0.3660822461148021
Adrbk1	6.553826129537201	4.717542090359447	0.1616028629948259
Aes	1.0726191156553997	4.900882844675435	0.2189590383087789
Afap1l1	9.968515451726711	4.821615234529239	0.2461204044740766
Aftph	4.867105296174799	2.0491392805769424	0.0384688434748932
Agfg1	0.9470653121402997	3.031408635890874	0.143896602705744
Agpat5	0.8473919366481699	3.581852460607151	0.1130395538144068
Ahnak	4.588204405040901	2.1639033613232885	0.1769177539362089
Ahrr	4.3817075656148	2.6337094402622285	0.1791560168211569
Aif1	6.790169219132121	2.6961356715227485	0.20717111331528
Aimp2	7.738982644129481	2.3811883379289847	0.180862342088197
Aktip	1.9136663995842	32.45339431725286	0.1614088323239316
Aldh18a1	0.2901044504795461	1.9974365023251568	0.246724584587353
Aldh1a2	5.285142822680541	8.298774845045264	0.232536782976782
Aldh5a1	7.762623176617909	5.847154511536537	0.1774598071601063
Aldoa	4.1619649723831	4.709175891481097	0.1850604441379397
Aldoc	1.745780238516998	4.433363529982693	0.4449784509557779
Alg13	8.7608634707865	4.382985245782778	0.2851121285635152
Alkbh5	8.070856721914629	4.218966988672619	0.1286373873674315
Alkbh8	2.311818636120972	2.271160887327471	0.11072257192621
Alms1	1.0724472866821984	2.9859246462483293	0.0381946222860598
Alox5	0.8429232809298011	3.422250068933144	0.457477205897984
Als2cl	7.38889997394627	6.1978593531621184	0.2329024417333046
Amd1	2.1255453952109	1537.0365196083628	1.7820882728349243
Amfr	10.56884342330872	2.614152584455661	0.0642703654249467
Angptl4	1.4900791975263008	2.023777102554984	0.4171065368154589
Ankle1	10.940918044248315	3.02423169229679	0.266825191801813
Ankrd13c	2.4468973866288017	3.584035400966472	0.1661393761906368
Ankrd29	1.0734417149908992	2.1327179191249224	0.1118123501657245
Ankrd39	9.0827041197293	2.863638379992386	0.1406077656411605
Ankzf1	10.23032932819341	3.130377853108158	0.1725153279894593
Anln	0.6059854788853459	2.390824377203345	0.187270129310856
Ano10	4.79084752312604	10.894559667361314	0.1330529489264612
Anxa11	7.815333699196859	2.5912469981285806	0.1125736732529046
Apip	10.8652447868299	2.9972749058087875	0.243316524642133
Apoa2	3.265348125682681	2.06197579877566	0.7196435686083751
Apobec2	0.2425999159361169	1.7173393368359162	0.3631269538851021
Apoc4	8.68186604580392	3.73666271072221	0.8006706059263209
Apol10b	2.393899987148678	2.7864246918476776	0.317123878284578
Apol11b	6.203692310114782	1.9574344283993228	0.2222717669573349
Apol7c	3.1916350241660503	2.840632010798887	0.219103583404352
Apol9b	3.027394999484901	3.386209619962208	0.446472208031036
Aqp11	3.2662712149368005	2.372633227878287	0.1479329181081909
Aqp7	1.810061862346199	1.7087972364970028	0.2177291725662489
Arf6	4.076028303868901	2.739243652429664	0.1663134982873265
Arhgap27	0.7100405492232991	5.002961426027309	0.3780872523712419
Arhgdia	1.9951721664548003	6.886478610764906	0.2182708191411217
Arid4a	1.5144128923265008	5.460068137102868	0.2493877266215933
Arl13b	10.528825548267	3.6359688726260657	0.2851814396227919
Arl15	4.74477545472004	2.020206486795246	0.2022002196344769
Arl2	0.5809607970836996	4.3624703277045285	0.2088280806981782
Arl6ip4	6.602301642943981	3.340602915437062	0.2044717532269402
Arpc1a	4.67830016522093	4.133468177608362	0.1619262113974575
Arpc4	6.269426024687459	2.3839201132400203	0.164830630200735
Arpp19	8.688208078032998	3.664413529224903	0.1600577612461755
Arsg	5.15384662575223	4.221269587658088	0.4962315366277759
Arsk	2.1448522089876008	2.6591309709129773	0.1034741290718256
Art2a-ps	8.52205160245354	6.899044532887842	0.3290370072201886
Ascc3	3.796490277879301	2.3062379846287344	0.12578032870466
Asf1a	7.91546250257943	6.305950972693401	0.1235346005673001
Asf1b	0.19345204274241	3.620903060474605	0.494919658214578
Asl	2.111400104430301	4.8419759314609765	0.1903129836823588
Aspm	2.24014835322675	7.119306132829776	0.1557478249760714
Atad2	0.1526997922753388	9.502447864344733	0.2129638137608825
Atg16l2	3.237460034241698	2.008732466606186	0.302091638901976
Atg4b	10.04663959261382	2.4134159726258173	0.1193203233497458
Atl3	9.539918743994498	3.30122107219808	0.1525963718840499
Atoh1	6.973623657293079	2.456026288905328	0.150295363112143
Atox1	6.50503313404543	3.3537184502736928	0.2473112071831379
Atp2a3	2.0070828407860013	3.1381862089276265	0.1989113470037959
Atp2c2	0.1676582522686995	2.0082877821654903	0.139304782870026
Atp5d	5.824643459713	2.9791873220413496	0.229657739670092
Atp5e	6.043545355361119	3.249083957040096	0.328720895640712
Atp5s	0.6642613337266203	2.862073196812492	0.2028911918741839
Atp6v0d1	7.53967832625348	3.1631851103144752	0.1389742674940068
Atp6v1e1	0.7946931855961008	3.66196662539356	0.2143732252848218
Atpbd4	2.1951780635420484	2.483950693898416	0.252391448512666
Atr	5.55294555106515	5.509377008403345	0.2245896299977043
B230118H07Rik	9.18730600550083	2.014464996188228	0.214607482410607
B230216N24Rik	7.836205255322177	1.9669654282502549	0.229283342889467
B3gntl1	2.48879640826926	2.163540387073884	0.1063078338311036
B430010I23Rik	0.4438412477454001	2.1004804209717416	0.280956899967948
B4galt3	1.1440369555578993	3.947040426783088	0.1221384981322491
BC002163	4.4552064956210105	2.255330681333899	0.190475654565883
BC004004	8.9039823234111	2.222640259718893	0.0779012672121711
BC016423	0.6324468908142009	3.032549124642854	0.292269454680833
BC017643	2.012403920731701	3.724391030688887	0.1348268695342971
BC017647	1.2978506550107003	3.3119220796550235	0.2030547161323271
BC030307	7.5554664537799	2.866948092813682	0.0955236045307385
BC032203	5.524986354095299	5.307450959803231	0.2529805472934206
BC033916	6.82325767935883	2.38917670226547	0.2441906483590269
BC037034	2.107915582367399	2.6553072909669395	0.0962040504806
Batf3	11.7037973768598	2.6593278869393324	0.2537607913922199
Bbip1	6.71625326194152	2.390708036884924	0.0557274224662617
Bbs4	6.033580540401591	5.408165529391006	0.2593778439529354
Bcar1	2.0669136646629003	2.0002658776450843	0.129825383844187
Bcas2	5.75617629039915	2.1965090722607807	0.1017334282290863
Bcl10	8.686593331370108	2.4701485824849843	0.1141888735440501
Bcl2a1b	2.06778741623952	5.441641947630052	0.3662126882440616
Bcl2l12	1.9621952171766992	2.524138183430746	0.0872894691295068
Bcl7c	0.3048685546037912	4.284461811416415	0.382977953055473
Bcmo1	2.945088009415901	1.960702764316886	0.6447653781918401
Bdkrb2	4.334988151516198	1.362580714515527	0.2102428245372229
Bex2	2.9866335503690298	3.392063617811988	0.474711420384591
Bfar	3.4540294702520207	2.6744947338929004	0.1013395791073914
Bhmt	3.36970188550805	2.241072550566763	0.473603940954026
Bicd1	6.14213708184227	4.822882543339648	0.0732596046445435
Birc6	2.43233276083161	2.8553879009652463	0.2026577680199059
Bivm	10.12837574151908	17.80966917623112	0.3207197870279432
Blm	2.2481980469269898	5.2777577606417445	0.1347324091551881
Blmh	2.5901207041437004	2.102901966783263	0.169022614185143
Bloc1s1	3.84366925578997	7.782655655027327	0.2402419879756203
Bmp8a	10.10894601101006	4.768269102607007	0.461468569950382
Bmp8b	10.653605691777068	2.007813863799195	0.2302372552898519
Bmpr2	1.9925204070313	5.351149274471569	0.4320687698944641
Bmx	0.8399842930586008	4.097562709089176	0.239052265942581
Brf1	6.800215301658799	2.937862124210889	0.111384720380043
Brp44	10.13498671143725	5.034825673562668	0.1756695773043216
Brpf1	1.1781503127789	2.206692729137972	0.0568365857207135
Brpf3	7.061599585061664	6.374610464771715	0.2036609701967976
Btbd7	4.3562578996616	2.867233184612981	0.3327487488951309
Btd	3.9647807047195993	6.311716320214768	0.1037296302928355
Btnl5	11.55895998761022	7.30704325127406	0.4157935440863582
Btnl6	9.442862571807211	3.39873466222578	0.399339903534139
Bub1	1.6656192043886584	4.886076810668947	0.3724510613408904
Bub1b	0.584222945662692	2.427440250823769	0.451696632148372
C030044B11Rik	0.1510751299808994	2.814782763934077	0.1606167996486408
C330022C24Rik	7.987439945595099	7.971387482442599	0.6106141762568005
C330027C09Rik	2.66608441589701	1.910810563135363	0.245936878991301
C530005A16Rik	0.5572276315703206	2.406646921120056	0.0607417339331637
Cabyr	9.5527235837107	2.4124034220557897	0.0889585050062644
Calcb	5.195863448126541	3.791852505131281	0.924766002249453
Calml4	5.079221097468909	11.222754281194886	0.3156475786141979
Capn12	5.43445794868472	2.377934182345251	0.237744262210411
Capn13	2.02054306479259	2.5815152701731625	0.167916909474812
Car1	5.4548110876477	1.487391302004389	0.5173630983502
Car3	1.1253219117367	1.8186486215289912	0.740035485162814
Cars	4.741213008645719	4.0754227702052255	0.1230258245680696
Casc5	0.1136334618607008	3.619438224829128	0.0507612858939918
Casd1	6.232030144390787	3.3045992135071813	0.2292395425406224
Caskin2	1.3696333176774012	2.5242957227270737	0.2066534219778319
Casp8ap2	7.4609382128573	3.817070570364688	0.290017041507091
Cast	2.5166877109121	3.583852269692536	0.2578380387917549
Ccar1	0.7762026304629615	14.041606470526595	0.0948511538996677
Ccdc114	4.148516143962102	3.449416155083552	0.273866034134242
Ccdc117	5.469180747408821	7.858330574025262	0.1758768909792529
Ccdc130	4.257067974513101	2.561483548627756	0.088336624409427
Ccdc151	2.6488239691455	7.966214396056138	0.792291010300014
Ccdc152	5.880862710697439	3.44984003080217	0.358141739538132
Ccdc153	4.081560119261599	2.2273974873880853	0.0500096399388253
Ccdc53	1.8513651708376209	3.013513873507629	0.142608570500484
Ccdc80	3.0557266277698005	2.420799404623416	0.368259658950673
Ccdc84	4.06290109345158	2.496971902487193	0.148424418702704
Ccdc88c	1.6404057642443988	1.80661425391118	0.259522286415332
Ccl20	5.6089738431246605	2.957553750736943	0.594628031183386
Ccl27a	10.23893698374818	1.877687367712384	0.252745814477438
Ccl6	1.601184989532069	2.306102586780727	0.214722702829866
Ccna2	0.1821461631444307	2.2867890707571674	0.223657170285097
Ccnd2	11.938351349752498	2.587920900365536	0.114961528792898
Ccne2	8.0054209808201	3.910561334369575	0.357644659401223
Ccnf	0.5679830860564499	2.3339150818378416	0.303179347673051
Ccni	2.3707742941265995	3.702860236803848	0.1826336280140723
Ccnl2	9.9699766253974	5.963823835473677	0.137328621100656
Ccr1	7.110833488285781	2.0762802938640763	0.0711766320787988
Ccr4	11.72029727371334	3.668112449669781	0.0992996702409909
Cd300lf	0.8085812494379017	1.5201634924755882	0.205685604687719
Cd3d	3.034106443842999	2.219560469854412	0.294666155479985
Cd44	6.920670459843098	2.549125544403628	0.298757951952867
Cd63	0.0248984237998008	4.378223062785507	0.2809205982957944
Cd81	0.1303000709539301	2.6072214328276138	0.1826116195434839
Cdc23	0.2087048710888801	14.328676246931796	0.3147718409507397
Cdc25c	1.4751801614681774	4.026093221572773	0.5183043642451179
Cdc42se1	2.2364835200111983	3.3791687444292315	0.1974696238145007
Cdc45	0.8147708488876999	2.487532272717568	0.263098942813923
Cdc6	9.13056188768666	2.0054227850830544	0.216807415460901
Cdc7	6.9773941109975794	2.2297000703583896	0.1905863580756749
Cdca2	6.868575939344112	5.326290977082666	0.4122838734115611
Cdca5	4.278834461583919	2.028929915585292	0.2492107989409149
Cdca7	5.420123809809155	2.8243716725931787	0.298607512212965
Cdca7l	1.7106438108095503	22.688429276217093	0.2774615824274884
Cdhr2	8.152835627809779	3.310933401421297	0.1297083737733352
Cdhr5	1.6335832636610998	6.67605476845146	0.2282510574008816
Cdk11b	3.1413518755955003	3.0655288764326443	0.1961385756266097
Cdk18	11.6549328080174	8.407072292508525	0.1596575612423399
Cdk2ap2	9.0933391628024	6.142816925941366	0.1687513586762531
Cdkn1c	0.4814886274747998	1.6369998738036649	0.210322572555294
Cdt1	4.566015166601031	2.3661928050094	0.210602759194756
Ceacam2	3.866511129435871	2.263005335805641	0.384983460951656
Celf1	7.46090890580232	2.720192408409132	0.1103717073417013
Celf5	11.4229434317958	7.109694769392858	0.3225306460782823
Celsr1	6.0426228545726985	2.3724478109347817	0.0592524834893197
Cenpa	0.7846203464886399	1.862770996917082	0.29160932234019
Cenpe	0.95808084125358	2.062210101925584	0.1658822239543929
Cenpf	2.7505556956130803	4.121413901688555	0.1873578107696608
Cenph	6.649875915056619	1.8384221827600409	0.253391681870794
Cenpi	2.41649749452813	20.61024408151429	0.2214159406000596
Cenpk	0.25956853710056	6.01861830294598	0.524875869896946
Cenpn	2.3791073158758502	7.029547191076715	0.506057029200744
Cenpv	8.92013148758316	5.797056706317403	0.2660816948496547
Cep192	3.684490424804199	2.266429778155688	0.175630409804665
Cep55	10.540980550083274	2.433130683034288	0.434430364894146
Cep57l1	8.09114097085703	3.579676073246556	0.350004298908695
Cep63	2.311306412482989	5.412080196437088	0.2529732562959574
Cep76	3.9042777280128185	2.6842222622233027	0.1180514960689775
Ces2a	7.080285761411101	2.058981268138812	0.115002054334689
Ces2e	2.69756894980058	5.253646337263691	0.1076661433292532
Ces3a	1.3140961409173997	2.663429162230294	0.297085872497974
Cfd	2.7464579564919003	1.9481359677808736	0.918928048035836
Cflar	3.1608967580075014	6.505416921382025	0.1271258269778549
Chek2	1.3265695904814498	2.1782738792761207	0.2855279598636799
Chga	6.8200800294721695	1.8591696045805168	0.2882739285239449
Chkb	0.2249192100629002	4.180777021945719	0.2233539071098784
Chmp2a	5.21168125694472	3.327037224974369	0.2330868337509219
Chst1	5.316216298162198	2.1117944444191368	0.252502396854666
Cisd3	11.2004832695037	33.09744917762722	0.3286267340895065
Ckap2l	1.2967869802818015	2.765996015173983	0.458695690150653
Ckb	2.51767666995949	1.73507905805091	0.291103526542212
Ckmt1	1.6282845791733995	2.6566136697110942	0.190132801688482
Cks1b	0.73881484699224	2.178392357096968	0.269482489632235
Clasp2	3.8473156760560094	3.9556781147063513	0.2360900286564336
Clasrp	0.9130696791498992	3.670887227231862	0.1731709151752501
Clcf1	8.85724098556724	1.7342615803338732	0.223590114027206
Cldn25	2.29618821253187	7.074555819674079	0.2365737947551289
Cldn5	8.444256893930229	2.471122996702253	0.306729714016992
Cldn8	6.158663347160591	2.349842263927315	0.0748429866929261
Clk3	4.899716985643569	2.5763528873030888	0.115147068390648
Clmn	4.632371605953999	2.960616562030388	0.1382318022913632
Cln3	6.7264938776024605	2.208981354431339	0.0640765727220976
Cln5	10.00127024542038	3.826775723781996	0.1428035075583361
Clspn	0.0493804168773301	4.69335216112481	0.1516961643870016
Cltb	1.8977015143315008	2.049366439223547	0.244321760102746
Cmklr1	3.745284061690798	2.46936418909342	0.1885859310963409
Cml3	0.5488932131962994	1.811992384941579	0.281358329854525
Cnbp	2.119189027394463	2.280623470809628	0.0514814490360168
Cnnm2	0.2278121304672993	2.9528154446768613	0.296394284997844
Cnnm4	8.440218577034099	8.003944846968203	0.2518000621305182
Cno	10.041379660316302	6.825389186395593	0.167200670697271
Cnot4	10.404598936327885	2.317220443309716	0.0558819687400972
Cnot6	3.5010599613060016	5.943238396787664	0.355391049249464
Cnot7	11.25545145661412	2.1870793530813293	0.0976056397054836
Cntrob	0.579188314635303	6.716113562219042	0.1091815001465699
Cog5	1.7186926982525996	3.0404092335851005	0.215260485418017
Col14a1	2.154177036749439	11.542893683236525	0.3657395084834383
Col8a1	6.574138370256701	2.6765137996562283	0.0278025389322204
Commd1	2.3642617306988694	3.4055620091464185	0.260568659994043
Commd4	2.543454661886149	2.08117502341142	0.1482608791255749
Comtd1	8.913516141960029	3.099455233965858	0.251512323150678
Coro7	2.00819727477	3.530530905992846	0.1559767542669367
Cox4i1	4.47981545499038	4.486331017761294	0.2722577650338323
Cox6a1	4.138515416768089	2.73013629030561	0.216246459213951
Cox6c	2.4221536948915805	3.998612861803784	0.2532116870853956
Cox7c	4.493793187329209	2.851535931675106	0.224382758079558
Cpd	11.38626700557756	2.1912192557601995	0.0838440343533497
Cpeb3	2.909931514070479	3.5611525475127594	0.1228418233477906
Cpne1	7.777275575257821	7.997983403979841	0.2485903555673493
Cps1	3.3017459651233168	1.9432773313532403	0.24699206135078
Cpsf4	4.135107329777199	2.256270890092256	0.0254543983290278
Cpt1b	3.312769113702199	4.134395959752679	0.2576903876925132
Cramp1l	7.684501797589888	2.7762806840330967	0.1150102409148758
Crct1	6.116204447046009	6.600468801605344	0.4866807598939512
Crim1	9.7473710985572	44.92624617969457	0.2520176325566572
Crlf2	11.132402724978	6.886403424149696	0.2271650080985665
Cse1l	1.3385757292448126	5.840889787985246	0.3233900282408548
Cst3	7.334913365896799	3.3995983664121603	0.1539484923987755
Ctnnbip1	0.5538025283179007	2.0260893913680995	0.254236216563426
Ctps	11.934082434062834	2.0576830650398183	0.2399759088817689
Ctsa	0.2324561977828008	3.5274583792756964	0.1652523967162306
Ctsh	5.37914350447001	2.657525054675862	0.217676512054664
Ctss	0.6387144736332999	2.00800150419155	0.092233667069679
Cul4a	4.851459879287848	2.0437970599429067	0.0745021964710675
Cxcl1	7.5748571926294	3.021153201591935	0.520493455215697
Cxcr2	9.47823959792932	2.34650631831818	0.2116174012584009
Cyb5r3	1.6621866777697507	2.049033243545656	0.178323207044911
Cyfip1	11.392389032010051	3.417942145627498	0.1106512442415427
Cyhr1	2.605094939077789	2.124347499893062	0.0519391681571438
Cyp2d22	2.48342980654116	2.079729057147265	0.14857403692945
Cyp2d37-ps	5.422815815392911	1.674421424278036	0.49311138726251
Cyp2e1	1.0608962503350998	2.526162327578686	0.828022590103991
Cyp3a44	1.1380013720066984	1.953795590513132	0.4153690453338309
Cyr61	7.0200774633634	2.633672287373075	0.2208186011744149
D030028A08Rik	3.28927057416654	3.028691098539234	0.0699863714211543
D330028D13Rik	1.7880096450741991	1.7633568986191337	0.320939587166985
D330041H03Rik	2.6895475120796704	5.341032282609642	0.491476555314465
D730039F16Rik	0.1503812210040003	1.6720866579799625	0.228375663784009
D830030K20Rik	5.410509963150149	2.8364037099693458	0.432573416067656
D930015M05Rik	1.5818830201117002	2.82627938098362	0.1330799180340054
Dag1	9.20559419348682	2.0434561708477657	0.185553735546705
Dapk1	1.1684992712653006	2.449175570515322	0.0494164802728247
Dapk3	5.617941045986061	4.390937058553987	0.2062130247418611
Dars2	1.7949631208809569	2.0631401037672266	0.150291987272949
Dbndd2	1.2799625563578996	9.46489606700477	0.2679383526854072
Dclre1c	6.53004768779546	2.412538965016592	0.1246743704848804
Dctn3	7.59998512060398	3.2349004817078217	0.2141329856645814
Dctn4	10.33659151323719	2.730236994508928	0.0582368532385429
Ddit4	2.648318493960499	2.965126708429948	0.1824633034673979
Ddx11	7.4826975741056	3.424255874253248	0.1422146590500212
Ddx52	5.92954742285771	3.173832169541763	0.253017363613127
Decr2	8.46580100579688	2.0047428573420207	0.0736435056340126
Defa-ps1	1.6978677801014186	1.8133532092430635	0.5372469644780609
Defa-rs1	7.496438865454039	4.680815550519784	0.9815228997188392
Defa3	3.1029031865131884	6.560668395758129	1.015973815460547
Defa6	0.5945660848716169	176.0927835352275	1.1305037333500607
Defb39	2.5886043887554013	1.6613398554174703	0.4105810095532429
Defb40	11.369649241665655	1.6757917523440284	0.455347490633988
Defb6	1.5228936477400996	2.4268331664879903	0.432388988686967
Degs2	0.1043696981510002	3.728036733158314	0.2398869958374856
Depdc1a	9.801534008045076	2.1359810533142265	0.124861182970237
Dfna5	2.5822799375859	2.525427369287949	0.217680702045614
Dhcr24	0.4039602542923006	2.14236773011743	0.3289231646487919
Dhrs11	0.3423492521996998	3.7756116913303055	0.1892539738258095
Dhrsx	7.78657544705074	2.458370742774353	0.1729855457309609
Dis3	1.9442158314965996	3.576024947853744	0.419340743457186
Dmxl1	1.4035036028511954	2.550285284458564	0.2140278922872489
Dnajb2	1.2692335057435002	1.9542635389851108	0.267891326556653
Dnajc4	11.3550737530678	2.4698064852106505	0.086596423488795
Dnm2	6.62795381275618	4.796199041906376	0.1328599833720541
Dnmbp	6.01806992025605	2.6595779595194027	0.248971270818825
Doc2g	8.917393024794398	2.395028245241037	0.144262055089081
Dock11	0.8707125144986199	1.941941115017522	0.2732225661085989
Dpf2	7.698750443320169	3.63707579445111	0.1050374138461445
Drap1	3.764399003554769	2.046332131949133	0.144046891485477
Drosha	10.778731220978	2.786253496002481	0.1438577174667101
Dsn1	2.007637777016299	2.29121875795746	0.129728269915681
Dus3l	9.343087099873202	2.187518653432612	0.0435061198372783
Dus4l	7.38028225089505	2.374881217510164	0.251636002555864
Dusp18	1.6943058349101	1.904455511376384	0.310256282099551
Dusp2	1.6470278817615	2.2920908862244014	0.169867013035206
Dusp8	3.3498446136908004	4.557491306035922	0.3324042047021797
Dut	0.59704281836175	6.015543980001758	0.4911898135082781
Dvl3	2.0175109730393004	2.0086047300840866	0.16618936894387
Dync1li1	2.455753062895301	5.353364863139879	0.2118548170721458
E030030I06Rik	10.169376420809598	2.956904820865665	0.24195756600575
E130012A19Rik	1.8414627899942992	2.12644020704752	0.567565659344439
E130102H24Rik	10.211377581095102	1.9265939840667288	0.3383373197702969
E130215H24Rik	3.21401545442534	1.915721784372749	0.285054212919802
E130303B06Rik	0.1432279664140399	80.9092573372655	0.1344870459936847
E130310I04Rik	3.634177683036402	2.865846553945886	0.397094054200371
E2f1	9.033065557705882	6.010627370726961	0.2972733249051279
E2f8	1.0106604291557202	4.906350684446477	0.2880377116797828
E330009J07Rik	3.147531184562361	4.822596982036908	0.0584539411425969
Eapp	4.28770930378314	3.645062234584788	0.1482442861741675
Echdc1	3.0837991711571995	2.567193452773328	0.310639066793805
Edf1	3.8030288027649295	5.733336210950922	0.2721968799699505
Ednrb	0.0191477704057021	3.1464013175392886	0.259595675803925
Eea1	1.884947464377401	2.166004962379896	0.149912400777855
Eef2	8.72363104430936	5.0513918418738335	0.13468296435429
Eef2k	0.1378787975039017	1.8195494758238944	0.3012821913169269
Eefsec	0.4965688776719799	2.330080561120245	0.1291442404891349
Efcab4b	2.081939952636599	1.852680832922993	0.2290499844112409
Efemp2	3.2431060013725697	2.220486187525085	0.164961298413104
Efr3a	10.57337879368205	12.022393912861103	0.1022151611986788
Ehbp1	9.1839774758358	3.669794632652093	0.1943454024447477
Ehd4	1.1879443244193233	2.812655769478668	0.043959184253301
Eif2ak3	1.7632514177435006	2.941181730387227	0.1796021859038143
Eif3f	3.9940214077532	10.98058105127833	0.2645685488358082
Eif4ebp1	1.6230862346584	3.541258544024076	0.290832760330089
Eif4ebp2	8.5696826854825	2.277813110733064	0.155199794467426
Eif4ebp3	0.7977712224529991	1.8849502677780403	0.248592647979356
Elf2	10.39524088238922	2.253956937224092	0.1025500796175243
Eln	9.465274696481044	1.7744842457266208	0.2820851666319
Elovl5	5.754418935551	4.605971596879161	0.1242355017270692
Emr1	1.853706938030001	1.7830239763429494	0.248804534469916
Enc1	0.1065683318286989	4.97862635719913	0.396476987524206
Enoph1	5.9194375099969	4.377550544585767	0.2279813554219452
Enpp4	10.391701064383051	2.6406371339210004	0.1134487983650647
Epas1	4.701862129267799	2.4430161485439843	0.207082541645181
Epb4.1l4b	10.420238367770072	3.2411442147670644	0.0865054593276353
Eps15	4.307618796032598	2.0865004124946296	0.0725817336590938
Erap1	1.6886425305158816	7.017443373665174	0.1469614146734963
Erc2	6.351619629557501	7.7306594137434494	0.5228901521056183
Ercc1	0.1665701320706016	2.3688509412536285	0.192358309911166
Ercc3	0.6700295210044	2.230775372865564	0.056932849882365
Erdr1	9.818989429549712	3.745232516990963	0.2501015455300048
Ergic3	0.6537031271947011	5.3586590953329285	0.2098941486039569
Eri1	4.56727939953878	2.084715578692028	0.0740730433475573
Eri2	9.96677552151949	3.9141836685775098	0.1416007020980978
Eri3	8.77931313656714	33.67583904884677	0.2732222549470937
Esco2	6.576377950376617	6.720848470030792	0.2752538255215267
Esrp2	0.5986231582108985	2.526454987313489	0.289770097862676
Esyt2	8.688237331396062	9.770252111427936	0.1980735912798977
Ethe1	4.244111200734821	2.047694130699351	0.15180732868842
Evi5l	2.3546916045374005	2.0455560820769225	0.31979393793957
Exoc8	0.2594422820274005	2.3074560193138263	0.1171756950018233
Ext2	2.6697616952508003	2.999411035882096	0.145623636064086
F830016B08Rik	1.5614377084864015	3.0594179726176614	0.1624930171374661
Fa2h	1.1092015842692984	1.728186748392927	0.5584225920181091
Fads2	9.108800587514509	6.254863791152916	0.3295994569892685
Fam110c	8.941632744681831	12.885857830523634	0.220039469527312
Fam111a	6.808375412112593	2.201014891567989	0.205560756857049
Fam134a	0.0926191405516991	2.870536738376813	0.0778849059758569
Fam13b	10.605831775838558	2.9450789867068323	0.1551210221359985
Fam158a	1.6192025047650098	2.321105382919515	0.209340199595633
Fam162a	10.58593833247554	6.051878453848952	0.4177671962837121
Fam169b	0.1683731200736993	1.6487973936976044	0.211756504071162
Fam178a	4.324708248543679	3.1037885448052056	0.2099923377532664
Fam179b	0.1896327645817983	2.8199894020096536	0.195461046812075
Fam195a	9.292711007030324	2.4531142493734164	0.1550705822314709
Fam40b	0.8101875410856003	3.753895940404844	0.1836891038187414
Fam57a	4.1087551490041	2.791729532837343	0.303173578303259
Fam64a	7.807451315490027	23.07823019814565	0.3192388114928967
Fam73b	2.1852323367819	2.000901898575631	0.145406767644413
Fam84b	8.085532968093	2.395641836332039	0.191250311493892
Fam89b	2.3312626638239	3.8685822372627134	0.1989488529011525
Fam98c	0.4378821632334997	3.4934315178723647	0.2355660472775619
Fan1	10.171377130479662	4.2899535970146445	0.05872427906253
Fasl	6.19035814002004	2.65157614124625	0.169115193697639
Fastkd2	1.371169569875021	2.309788007461261	0.3128236267495139
Fau	3.20659713659684	3.078652615820181	0.263029015331465
Fblim1	3.4344935707638307	3.3366398809974576	0.0990146193023438
Fbln2	0.1409373640861009	1.6080005282858747	0.447130721304693
Fbln5	10.2233127418672	1.850147700000192	0.2300143381773929
Fbxl22	8.014136271309098	3.1653176719727742	0.405246133240621
Fbxl8	0.5070399184939003	7.804257593579205	0.23536713220013
Fbxo32	0.5984397270186008	1.7053998875103438	0.296125483083029
Fbxo36	9.18222377162158	2.839911729069734	0.1346398898372258
Fbxo42	6.478574490151498	3.0020259914878915	0.1264218288942687
Fcer1g	11.35998963469151	4.693963276193031	0.1670873255859989
Fcgr3	0.8445299880608594	2.175525359884185	0.0778188721274936
Fcgr4	5.311771571162421	2.905526695312228	0.1841757025712656
Fen1	3.08169834604767	4.588275259175338	0.2660972782856907
Fermt2	11.763449527872844	2.144865254539892	0.3167889769559119
Ffar3	3.184128723931801	1.9473356139471487	0.233694820344313
Fgfr3	2.482168424759399	3.629819447087373	0.4551468364767509
Fignl1	11.85222455733184	2.9879357053141007	0.32645285705593
Fitm2	2.0295525660475	6.256816723217795	0.2480635312815138
Fkbp8	4.665170466569379	2.538712698824149	0.1526448203674231
Flii	3.7479383308822	2.146009905391068	0.1354673326902969
Flywch1	6.679625394186591	2.0838253193035245	0.144089216747848
Flywch2	11.13324399766956	3.2360616700037848	0.2470348196972349
Fmo1	11.512395888043669	2.374018514573746	0.207294104787072
Fmr1	7.68633174710466	2.837063076361382	0.1755926183279128
Fnbp1l	7.561612368934469	2.3620863595524986	0.149972232711139
Fosb	2.0113455153584017	2.0046599305451203	0.460917585724785
Foxm1	0.4547324776480117	4.047391536474139	0.5068038808038501
Foxo1	2.468686271816802	3.748131965339865	0.1080763127099491
Foxo3	4.7612737330559	4.154073865586686	0.2501552407478529
Fry	8.219997875807898	11.612448057905905	0.0484626780869327
Fxyd5	7.582650502953739	4.1843815116996055	0.1197833920088608
Gal3st1	6.39601171869344	4.517528606675619	0.1804512100953512
Gar1	6.724647111462808	3.621132461189023	0.0851214674920926
Gars	1.84389928996794	6.250597296832248	0.1351680005866471
Gbp4	10.12523535083506	2.2419148820603514	0.1160759585663741
Gbp8	0.6910134637707017	1.5983408142100746	0.205711328346857
Gbp9	11.7203183305096	1.9093189126420729	0.2229554010032109
Gemin5	0.2816644064144995	2.3016261875698043	0.169696915370088
Gemin6	0.8573453731091689	5.691311717658139	0.567977638869456
Gfi1	3.6511368065823007	2.185619034644972	0.185108172931976
Ggh	9.92688404005154	3.3863030471151148	0.281981844808033
Ghrl	9.38122375585332	4.1496553051985	0.452659935831182
Gip	2.145560343725731	1.706023564509522	0.2452654844651569
Git2	10.15841505895506	2.8923107020131544	0.1156057911525623
Gja1	8.30465176679733	3.33603378316132	0.256139793597992
Gk5	7.275684975991499	2.439287946586903	0.0770274932247064
Glb1	3.304919880403	2.2237565833105584	0.145553741518796
Gltp	1.8897837934683004	6.108619809750831	0.2228736983930193
Glul	1.2786232552381005	2.461214055601997	0.2501424373893169
Gm10046	3.9295170854010975	2.2169412306910994	0.493766796875735
Gm10094	0.1330409314109992	3.4467340410051297	0.1926807477414011
Gm10104	11.12343013206076	1.6302123199311869	0.4364870544170059
Gm10433	1.998237963006101	3.958900218476859	0.1507180996335846
Gm10804	1.074635904098752	2.028663262381305	0.0632517205287805
Gm11062	3.2163147392112243	6.759120054373131	1.06102887018142
Gm11127	1.3531666265088995	6.368986240140927	0.2930211650586359
Gm11194	4.053445696640502	1.3076227200358663	0.213566771491813
Gm11428	8.928837405460008	2.444174700933032	0.2108931272096799
Gm11627	11.90473018472342	2.6571318130628083	0.356429886331184
Gm13476	10.155983119515309	3.414061024635502	0.1223218095303807
Gm13546	8.746669492729596	3.879380673805623	0.0751301275199588
Gm13807	5.474282583060399	2.53762303475838	0.264883986411748
Gm14137	2.370092673949	1.7231019214708614	0.335414007980608
Gm14318	0.2389100288133008	3.2281483102638844	0.256777006424548
Gm14436	8.13349698718348	2.357849466304994	0.178629176947719
Gm15471	6.533223938762397	3.232303475207535	0.2411195641258839
Gm15645	10.45734732011477	10.270220220623	0.4336056102311494
Gm16386	7.118320343846939	2.17023286362757	0.29393724277409
Gm166	5.06930066240489	2.1620460210591133	0.169167790006068
Gm1673	4.0495212087148005	2.3040438842908566	0.4103998090035989
Gm16861	5.097703561755999	4.3856457524029695	0.415378834065041
Gm16982	6.583174784206202	6.020937968515009	0.532697869043633
Gm1821	0.5333817815093997	6.9233833977408	0.155938403601435
Gm19705	3.113107379390539	1.8757173826914857	0.266905553391693
Gm2061	0.9675046437484698	1.493151373226266	0.208521838860315
Gm3086	0.286575362670499	2.612510977732703	0.169204777666749
Gm3219	0.3982106078483998	1.4298884927619804	0.302876490260438
Gm4532	0.666853976634501	1.76925160266853	0.213225286393638
Gm505	10.350575235386218	4.953657447998348	0.3511001861430447
Gm5485	0.6108865691816003	2.07721055715123	0.227513907142917
Gm5506	10.06737306099721	2.3171017740388065	0.0951268891558186
Gm5512	11.7622654988468	3.105229853069696	0.301923053983282
Gm5547	5.17293908680477	4.079774774446322	0.298164630347099
Gm5741	10.425970680614398	1.8371396919404064	0.4666645085531281
Gm6034	3.5605337786983995	4.270741876163851	0.380837123663324
Gm609	10.340836842469102	3.4166844887378165	0.319265289813488
Gm6313	9.016763843152072	2.431217402895147	0.0397481339851469
Gm6402	6.993507278132189	4.552178931491474	0.405483618654442
Gm6525	8.059624772747291	2.8682264714566763	0.1301175044254387
Gm8221	3.7713372410581982	6.751936756773023	0.1623573342879062
Gm8615	4.79394531260638	2.0094964276685268	0.242697522186037
Gm9199	4.0032580999077405	1.931088120123462	0.320790688466721
Gm962	5.893660703667436	2.797445875589287	0.1676673311640234
Gm9846	5.41877497977651	6.028775702367435	0.333226400002084
Gm9895	4.82640549538969	3.505135213378153	0.2586118378415509
Gm9958	7.416461344085599	2.459699620987137	0.316411047508015
Gm9994	1.8094539784978	3.261568395365696	0.0748101808323682
Gna12	5.482594994353798	15.487298096069578	0.5836334403153749
Gna14	2.1970322119241	3.564592676669947	0.267834310750316
Gnai2	1.7377378989347	2.846712984085206	0.1674723022192756
Gnat1	3.4281017456070995	1.9444571658794645	0.2538870607423499
Gnb4	11.1264340049206	2.095093322410982	0.1632054571903239
Gng10	6.7738919128119	2.9061078496304105	0.1855538516617187
Golga3	4.620280294815004	3.682369693789008	0.1584763364879677
Golim4	0.5686975568937989	3.789973045475109	0.2026955577612499
Gpr108	4.836467135796898	2.7494888143399767	0.0897645029304566
Gpr155	8.56567890357416	2.225781221275664	0.168692336543545
Gpr160	6.670411083283272	2.611521111807546	0.0547654748132541
Gpr55	2.5312989665809056	1.8693593722616093	0.291562301593814
Gpr82	8.34810787794567	2.854591143085357	0.0131709885690938
Gpsm1	2.7095718049901	2.061328211510707	0.440192275352817
Gpx2	7.31758227920663	1.7086749988008236	0.228333604686495
Gpx2-ps1	8.755913652966349	5.423310183814741	0.443703249557525
Grcc10	8.78451466495528	3.277976067322028	0.1921317348705423
Grhpr	6.454713310821451	3.06394421773312	0.2176295831102189
Grik5	5.054022840979501	3.756301056051389	0.299942404407242
Grina	5.15851590749986	2.3527783199499392	0.0881697011435174
Grk4	6.8896356576243	2.412095076246882	0.1167502572455854
Gsn	3.2272228964757	2.305016290738781	0.187746805542315
Gstt1	5.42402753368218	2.2677594448264022	0.2420123988851369
Gtf3c6	8.80483400705312	5.553193864015074	0.2896004704600386
Gtpbp6	5.271138789499599	2.465143538128492	0.143913805570168
Gtse1	0.3788062008752009	3.040238106989092	0.356648285382437
Gucy1a3	11.352718687500383	8.051829324668928	0.3922369839864929
H2-Bl	1.4308871699943193	1.8390980340984748	0.2933472697665709
H2-DMb2	11.25667294653056	2.819014158741216	0.960571823334606
H2-Ke6	8.34012895595411	4.287487354037653	0.1244498228364203
H2-Q7	5.47780998616121	4.121755562742901	0.1206976479477215
H2-Q8	0.3883696159249972	4.617637343801872	0.1428623203854281
H2-T23	2.3378459022301	2.701878090001579	0.179469543302882
H2-T24	2.683015204142201	5.424359125332107	0.1503579566608909
H3f3a	1.70311128074	3.686908693125076	0.0889492630668072
Habp2	7.643894371019229	37.931453200682775	1.2620386756903756
Hamp	0.6637170128758001	1.6395734022952415	0.385681388402213
Hao2	10.169790873524	8.98820450562033	0.5028768419833991
Haus2	6.201866481520849	2.5891674622194523	0.1427840243778367
Haus4	5.609065564510571	4.553550871071001	0.500262556556897
Hbb-b1	5.555497807592499	44161.7245162087	0.6792699572950812
Hbb-b2	11.4397996305489	2.888770599256571	0.521345020740459
Hbegf	7.077039422305898	2.8178394272646603	0.278169119845882
Hcfc1r1	5.706336800376411	3.0020530830043737	0.1447874556213716
Hcls1	5.1847878476953095	2.0282647813314165	0.158754372162962
Hdac4	1.7014098387315997	2.283492306650252	0.2082514044629959
Heatr1	0.8297167808555983	2.278621937301144	0.16987285580477
Heatr7a	1.0797210948331006	2.345601193168736	0.1232881123422644
Heca	4.000190269899502	2.996753768720658	0.2978221211442889
Hecw2	11.4180735226005	2.9395165828050085	0.0687903210546552
Helz	10.80049463798197	2.565938619135949	0.115724785187699
Herc1	1.2855409274379994	4.381152007212033	0.1608128178816013
Hgf	0.6283493505947	2.423612414047099	0.0683634964244717
Hhip	7.701727332215498	2.298414721351931	0.0955416831622647
Higd1a	0.6559899247895995	2.2447560180612305	0.292045382127508
Higd2a	2.989947493081301	5.520628031544828	0.2522777472582996
Hint1	0.5874461093759997	2.132751502484989	0.150218837325693
Hint3	3.896773236943901	4.654146073211839	0.2542543240578359
Hipk1	3.155706208818099	2.567621031053672	0.1567772824632129
Hirip3	6.285680229052172	7.003512320637393	0.4299174200506465
Hist1h1e	0.1227208149510019	2.0852577528814007	0.0790462948423011
Hist1h2ae	6.129468965228	2.020229432001256	0.1487880107570389
Hist1h2bc	0.1454802537896995	2.227739904500014	0.191011289191611
Hist2h2ac	7.6752073284996465	1.7234823093719975	0.3089729822780759
Hmg20a	1.7396935298407996	2.2449557132550373	0.0641812353634423
Hmg20b	0.2892180941641999	4.872708459249652	0.2250924140229526
Hmgcs2	9.281113172366148	1.7788054581316135	0.308192790354182
Hmgn1	0.55406315982628	3.750572571858928	0.2547296712668849
Hmgn5	5.49659281628573	2.583088365736684	0.1204309529601763
Hnrnph2	5.278945658676399	2.30050319478104	0.154459042354688
Hp	1.765551884386701	3.8023618864340207	1.097898226503518
Hps5	2.453274618458998	2.566208216127399	0.1502836035977726
Hras1	5.29477108757989	4.485944748344505	0.2487363364917597
Hsd3b2	0.0053702373680994	2.0903063239042017	0.509404657239841
Htra1	4.8789325656355125	2.298053575619874	0.1179230951238068
Hyi	0.5886931678601997	4.839028061928281	0.3565311999417365
Hyls1	6.45567454226705	2.430628656845081	0.1275400175764233
I730028E13Rik	1.1935610347343992	1.7809805185154226	0.427516087068436
I830012O16Rik	1.080251705361234	2.012187605843571	0.1652667429388009
Idua	2.0663149762722988	2.006810396461003	0.137292606106045
Ier3ip1	5.862231691096099	2.922016216984163	0.0891085585235491
Ifi202b	11.98404022857506	18.542771740096576	1.032996108976305
Ifi27l2b	0.2080604920252406	2.427632951183858	0.256637099450189
Ifi44	4.345567826248303	6.486859221798924	0.4444794869057868
Ifit1	0.3999976553975339	5.077523097350753	0.3052349844159701
Ifnar2	0.0268629689872987	11.936716776941546	0.1397289026839847
Ift27	1.7643477565098706	2.251433967623329	0.211647167893614
Igf2	5.2662875268362	1.4856359507278445	0.316230913772255
Igsf3	1.8036471543472992	2.001844203503839	0.0787693659438599
Iigp1	6.5946226084536015	10.686823736299695	0.2253177575207757
Il17ra	11.25990625906339	4.324403838210183	0.1059355670512767
Il18	7.1757423591006	1.933737356659463	0.221209036701618
Il1rap	1.0498154063967	3.2025390686410726	0.1319277362654209
Il1rn	7.907527989280101	2.860420315848043	0.437896246058152
Il4i1	10.04078186093914	1.5435909731369166	0.2308380604922229
Il6st	4.032538774331698	2.2722504958421026	0.167330676692757
Il7r	10.70761869601404	2.450051127480146	0.11454488590503
Ing2	1.7875988175301014	2.046310895525936	0.154565595933846
Inhba	2.7325876378337988	4.704775212280642	0.1025625516197006
Inmt	0.7906523793282005	3.1352117280571017	0.280588768175928
Inppl1	4.6993951825553	2.152527202501988	0.0616437170655986
Ipo11	1.2103386273399686	2.71972965845299	0.246315233626171
Ipo4	6.85291120637207	60.87753920523643	0.0607258579197847
Ipo7	0.7590729535118008	2.28626176641877	0.237928560892398
Iqgap1	3.137763420813398	2.4741670215151923	0.0599194554672366
Iqgap3	0.5098474249106439	2.9191570775529176	0.316905316473392
Irf5	0.1025904495967999	3.601835457493255	0.0941149806415693
Irgm2	3.523304253208501	2.1182163842395507	0.112957730496393
Itga2	0.0651445667323997	1.5918167637206266	0.2145109201674609
Itgb6	3.959012127577101	4.430667587452659	0.108936151715804
Itpripl2	10.86859426479765	2.012538365375041	0.064010179906501
Ivns1abp	3.392323250174698	2.888116955538499	0.1690785451015325
Iyd	2.3542904792685	3.3341828988687308	0.433077331883633
Jkamp	7.7365109807089	3.059014853623576	0.0995058615663153
Jrkl	0.658022944843097	5.10312063706836	0.2335148891817108
Jund	0.9523230545436014	3.810594286816206	0.2330423761373457
Kcnj13	3.7488890966337793	1.920263192291581	0.515142110919415
Kctd13	10.8765644064343	6.642062966507133	0.2574454115664428
Kdm4a	2.0608085732577983	24.160350598798463	0.1623402981744679
Kdr	4.8607278120617	2.143249804801789	0.222163890616286
Kidins220	6.47230165823083	2.502337483802406	0.0910093067382043
Kif11	0.102394246922906	3.7630772015517695	0.411490650631006
Kif14	3.9679983863677215	36.68835522061224	0.1064143449318754
Kif15	0.4996667168425901	8.644063459370253	0.4014881135674108
Kif16b	11.683691621786789	2.229443682758107	0.1811452831466179
Kif18a	4.731116774659725	4.071518093690222	0.1108021980525892
Kif20a	0.523717664291455	2.3658770887012905	0.325952666815739
Kif20b	5.572531037225598	6.702336009441615	0.3492528842878284
Kif22	2.0218335882337604	4.262830226832411	0.3143817323128021
Kif2c	2.68768194467724	14.148052836427937	0.7126367735082432
Kif4	8.27830654201367	3.0980803112329243	0.28500582884802
Kifc5b	8.419305368627779	2.2355418314276765	0.1071898237314025
Klf3	6.4422377917671305	2.2942207539392023	0.202706382081841
Klf5	7.637364060681698	2.433417271900032	0.167487825140595
Klf7	9.51757400145832	39.764137453136655	0.3452549694755371
Klhdc7b	3.5389945639022	4.416442398622551	0.346065301194547
Klhl15	8.66387786036678	2.0200314200295826	0.0454444451895743
Klk1	0.5919060436563992	3.4854569584398134	0.1437048548973214
Klraq1	1.5312409351874	2.26057729516925	0.0574971960456238
Kpna4	9.93075623613839	8.726783664365646	0.1955742465389544
Krcc1	10.84980340458349	2.0836574397580425	0.074844772088152
Krt10	0.8674504041020992	1.3988496694800971	0.221919219881467
Krt7	11.52986301507856	2.546506346100984	0.178790187363025
L2hgdh	1.5729918845526996	4.1568676203258175	0.329664473406197
LOC100504703	6.237119943290429	1.7873654524441824	0.207254354131576
Lag3	3.765703584195279	2.0349528234066416	0.0653440866385272
Lage3	0.5392338818785296	2.3858377664994266	0.178951282969269
Lass4	10.58316645882752	3.5009663222640586	0.2334457960420473
Lass6	2.3884528455636023	4.142542998881987	0.403761199790153
Lct	2.171287108426781	1.4521504244968215	0.355715425288536
Ldlrap1	6.344257956795881	2.074789809789822	0.110335994069271
Lemd3	6.234827286592157	2.113057158769924	0.1017131360677464
Lgals12	0.113181489847598	2.580799436390649	0.043112741480451
Lgals3	2.7789665187464987	2.391292360881725	0.338428034395108
Lgals8	11.40562714160919	4.679558076891465	0.1295136918157632
Lhfp	4.831823568587499	9.438789666075165	0.3088762259441492
Lif	9.675654626526171	2.799766636224017	0.1415955105727801
Lin37	10.97343350348926	2.164076038128389	0.1103604680825748
Lipc	6.463487857079561	15.634138970842452	0.3866542012491479
Lmna	11.579475790087802	3.667889877183668	0.2646660982458328
Lnpep	7.41601826480818	7.905489337521912	0.2278745406748384
Lonrf1	1.1580709156984987	1.8458896087994887	0.240905294144436
Lpcat1	7.207859902579202	2.7596413476379253	0.221907783773616
Lphn3	9.999581325471825	3.61079214071171	0.0520247477106381
Lpl	0.5648339865179999	4.057214748351396	1.014741822491924
Lpp	7.6079127318476125	2.906302067201654	0.1299089984144742
Lrat	2.5083413269445014	1.36036846094665	0.269471723238364
Lrch1	0.4533164502351994	2.878821463598405	0.1639565019678478
Lrpap1	11.91513636805358	4.816389917711677	0.1233421684333637
Lrrc16a	7.728839837537972	2.1656656592108017	0.0906088339973637
Lrrc25	5.4170665418526	2.1176878016327176	0.1854655008974529
Lrrc32	11.4474872737347	3.0349262839821263	0.2844919678347199
Lrrc8b	6.615250865137499	3.674177110223392	0.3683284884251739
Lrrcc1	6.17838015801152	2.2790956922036134	0.0866959537780512
Lrrfip2	1.8598666293476995	5.621777484710145	0.1834643600647977
Lrrn3	1.4679214468455974	5.811136666702574	0.0525494367634896
Lrwd1	6.954331705848681	12.981738410154575	0.2018414970820338
Lsm3	4.364270909313357	10.332043093027265	0.2103153593835784
Lsm5	0.6736290535835301	2.12838451189855	0.338941436737583
Lta4h	2.5045923332107005	3.2546281743130243	0.124399833970571
Ly6g6d	4.97416454426979	1.52851879015813	0.2345146837242889
Ly75	0.077120517907101	2.0203494644955904	0.2182518807153269
Lyst	3.9113000262666695	4.741944415644874	0.0792215077130855
Maged1	10.98593247389935	2.3520860154375853	0.1783556220243649
Mal	3.935269204096201	2.177050320115272	0.212302123807249
Man2b2	0.9665844821588988	3.6911834945975257	0.297071103314247
Map2k6	2.614186831735611	2.383041508876808	0.0808872136750765
Map3k3	6.399654935914599	2.1975438522673616	0.134854002173937
Map3k6	8.22241036283993	2.4461768351835467	0.185806472839244
Map3k9	5.983751403068002	5.855969728458437	0.3104333557293679
Mapk13	3.26753486524	5.143132525192194	0.2615311246567341
Mapk3	0.0612706285678008	2.9551779985644138	0.1936594767348207
Mapkapk5	4.983196030708601	3.475488339345443	0.1047942973558715
Mapre3	2.5559288323677	7.659495781374314	0.3930138707924075
Marcksl1	1.3248863402940003	2.673243738372558	0.1570151398830499
Mark3	9.3567004177462	2.276209587639803	0.0684563186091762
Mark4	2.438092693048702	2.217919030643187	0.1555282925757549
Mast3	0.2644848084226989	4.916720229649556	0.2629532073567858
Mbd3	6.25064699802746	4.729613317745914	0.1946089790657754
Mbd5	4.498907823118801	2.914954366790662	0.1506463159901955
Mcf2l	1.7838107745574003	2.184030692863036	0.130473254036696
Mcm2	1.81319253367662	8.235586045610038	0.4639269186205673
Mcm3	3.822508006651251	7.292806415839737	0.5297541986674918
Mdc1	7.457915684277502	2.745639825451055	0.2153087826547569
Mdm4	0.2333822012028008	4.084385098046084	0.3485755668376999
Mdn1	5.566200390270101	2.2586690590643976	0.0732979569384538
Me3	1.1947993623102011	2.246875676337236	0.293909331700905
Mea1	8.807892363551488	2.1833558506599875	0.118619067105706
Med18	3.1237722448706187	3.3405289196879213	0.1844093330606502
Med19	9.553820207918813	5.1866283301481	0.0991587642092812
Med31	0.762953498577799	4.273657957297703	0.35949595791091
Mef2a	0.7905030169208018	7.632573526000811	0.3888429229589429
Megf9	6.1347007680285	2.066829340613946	0.198117108888953
Metrnl	0.0157563075718005	2.989443816715008	0.230003078781787
Mettl11a	11.81955676506614	8.652670516433489	0.2542103814329465
Mettl7b	0.705689262305599	2.8935883617810907	0.276702418883048
Mfi2	1.788255448162099	2.192661202263308	0.5607334180847819
Mfn1	4.805554551613998	4.456953677888285	0.1972184753127629
Mfsd7a	0.0724142642673015	1.8680006117946213	0.231406424571596
Mgat5	3.5265949626882573	2.848083235887266	0.4499332210401909
Mgst3	1.8980960998436007	2.1640997980310384	0.148193351058368
Mia3	8.13219543910104	2.5256536218934653	0.0692329660566081
Mier1	6.2972562510347885	2.707209333194101	0.1245134645243153
Mir135a-1	8.088187914050899	1.7176784454019354	0.5552718386193419
Mir17hg	5.574460533021419	5.345571099138277	0.608102210750535
Mir215	2.59653950840867	1.613508825637316	0.478507314020074
Mir5107	11.54011684910813	1.5017414112872811	0.277269690127834
Mis18bp1	1.2211510053626498	3.878922575304192	0.2612581740821704
Mknk2	0.021078844757099	2.063983288507455	0.1879140120786
Mlf2	7.428269306662869	10.278121416974646	0.2079096054054452
Mllt11	4.556635242510101	7.393180951860863	0.176024991594202
Mllt4	5.334512372914279	3.082029113740207	0.1167372654983092
Mmp23	2.001638518204299	2.078239620550548	0.164802126620768
Mnd1	5.435330544668151	5.149969523878859	0.4835047709794479
Moap1	4.728566560761561	11.885396806498228	1.35885211657548
Morc3	0.6460628868332989	3.4703246418924514	0.1819995821776397
Mospd1	4.619174595003997	5.079714585858275	0.2289492115421214
Mospd3	11.952700974732402	2.2757525523591364	0.1127416577363375
Mpzl2	1.6777291330573014	2.289144941837653	0.112722862212847
Mrap	1.7537752976015	3.212361559744408	0.897335832874811
Mre11a	0.19510455104803	2.047945746432302	0.0964609621348128
Mrfap1	0.0281756470747005	1.6806597409762682	0.2276475450840379
Mrpl14	4.5782504394695	3.6385022023915927	0.1670378454415066
Mrpl33	4.598754271561861	2.362817952207908	0.1688663946825659
Mrpl51	9.176897601503477	2.497372342571661	0.162449989403095
Mrpl52	7.909137320291188	2.799466025224592	0.289454518894763
Mrps17	3.7663129613015895	3.6106078212891903	0.0984194862732276
Mrps21	9.14114361201078	3.886491165474436	0.2325383272544869
Mrps24	8.190320969528807	3.2015764023786373	0.2418893724161909
Mrps26	8.86725906508792	2.2967197070757344	0.161063959466934
Mrps36	0.8480092365408005	2.882146224010082	0.234849792247787
Ms4a4b	0.8172779079077994	2.8211198636732537	0.1254406026366364
Msl2	4.84125286592796	2.489556259271916	0.0649054977283114
Msmp	7.134899021202401	4.608885088250217	0.4073345944616339
Mtch1	4.9000401731455305	5.25277768430403	0.1854538752711374
Mthfs	5.884533692658701	2.197119829356235	0.145671279891132
Mtx1	5.6117151249792006	2.1731035881651843	0.12015707275322
Muc20	3.9729951713814096	1.6367352162973765	0.279413263862947
Muc4	2.59171986351435	1.4598679554584972	0.214136953593951
Mvp	5.60786603708474	5.353328254218911	0.2079457350269214
Mx2	4.845153367550239	12.293075031106252	0.3515873284935387
Mxd3	3.7505426344368	4.505161650208706	0.2493712045382532
Mybl2	6.032858835079999	5.301471941424844	0.1701061857788517
Myl6	3.515534043390009	3.5882870762465475	0.2192890547703707
Myo18a	2.6857723064987	6.632427712082253	0.197527950935438
Myo1b	7.302231664327913	4.228099442471871	0.22028947365073
Myom1	11.93760928394594	3.5239791951965493	0.5631926481541131
Myst4	8.32829047153663	2.141416250259946	0.038804521306369
N4bp2	0.5575193475283022	2.447088461440716	0.0802907745749622
Naca	6.14178388582887	2.355722150188159	0.1359724984654139
Naip5	8.114425686585399	6.585338140686452	0.1739528895682616
Napa	0.6629966155022995	6.855783775469584	0.1641416544951367
Ncapg	1.80203442526056	2.009255878860421	0.360025631381522
Ncapg2	8.5720215277252	2.101449311201561	0.0681666172572772
Ncaph	2.044299278034892	10.064314485223308	0.5835199468988816
Nceh1	1.0095863637499	2.1065514767840847	0.380894364272169
Nckap1	4.225386226016688	2.286628785265024	0.233731190783539
Ndc80	3.2640599297997497	3.848639777571776	0.471795230564842
Ndn	11.43322608723536	2.112488554979928	0.3198591999497679
Ndrg4	8.17702092409727	4.330412372018418	0.3039476783497845
Ndufa1	0.7996848140141193	2.9047879317437544	0.225701315456631
Ndufa13	5.894557345058431	2.6949610510440096	0.245926346883464
Ndufa2	5.06478993151505	3.702985611483344	0.2858547909829669
Ndufa6	6.34797049453012	2.7065868519544307	0.1509213424002722
Ndufa8	8.47172141125688	2.53091481525453	0.166883690725486
Ndufb11	5.515404879261601	3.868819207696247	0.2429372345263747
Ndufb7	5.500794647804461	3.3508304612456983	0.31285662638791
Ndufv3	9.54950738451184	4.948710294282503	0.2441839807286805
Neat1	3.7799134524344	2.3645556639530465	0.2265944641519129
Neil3	4.396001489405339	3.682106666538516	0.4548132875841479
Nek2	0.9853199084681704	1.6803650082038613	0.278801600807624
Nelf	4.2348007968621	7.094603414222501	0.2430371883313199
Neu1	9.27344735791215	2.822003168312193	0.2029541467362319
Nexn	9.217027810930809	1.602749414083545	0.211579346188698
Nfatc2ip	4.3474814173483	2.341980038598488	0.140582609162126
Nfkbiz	2.4520643868089	1.810260547699026	0.2338433137926179
Nfya	1.1199846546677	2.073345761265834	0.1018146810923795
Nfyb	4.639781800012802	2.238975009583992	0.1097051562018414
Ng23	7.162096064242959	2.120247877616362	0.225445666939788
Ngfrap1	2.7137315236504	2.279068430035093	0.164013226871131
Nhej1	1.5606160572714796	2.0980177690051653	0.2015461778192969
Nip7	6.32013587942841	5.183401181514622	0.2347299005878058
Nipal2	4.46167712921036	2.7646507034328662	0.1099029239807789
Nkap	8.012246103136349	2.6951085174806386	0.0830751944790356
Nkx6-2	2.3978388970637	2.586777440267801	0.414901502851506
Nmi	0.5036498734282997	2.265906957471296	0.136641406934062
Nmral1	1.3234438322688702	2.521619197390355	0.2416119535641069
Nol8	3.068885101874173	2.9516562756376525	0.2978580014148789
Npc2	3.945849575654	2.3407571750889984	0.1207791368850213
Npnt	10.42899273871433	27.96400547333407	0.4745818688489191
Nprl3	8.53861973350234	3.0867251704353302	0.1488732729305018
Nptn	3.914269240451501	2.9968956599037817	0.1315460131201024
Npy	7.84208455991863	3.0394080447446266	0.8640491770932142
Nras	5.586450106780471	2.472274265178957	0.1294108130487913
Nrg4	1.2186015968643016	2.1255487070888863	0.230712274068601
Nrip1	3.255460218610441	3.380095902811596	0.536373424873548
Nrm	2.96105066766687	2.1906077092226988	0.166509743454079
Nrp	7.339568489757591	1.5990625372132603	0.210425328926191
Nsg1	6.88992843037502	2.480073582436712	0.24779320248158
Nsun3	9.57186398966954	1.888542056482888	0.210870793708266
Nt5c	11.3191724068435	4.830194772766387	0.1975391840132949
Nt5c3l	10.65172826931657	2.608105048455704	0.1821235444987129
Nt5e	5.949885937785201	6.471869003762552	0.4803505211308061
Nthl1	9.26059421057834	2.221685171319126	0.1126502562856731
Nts	1.7878862450798003	4.158823264093463	0.2930737899153572
Nucb1	4.3777267692577	17.386948719312354	0.2290980371471584
Nucks1	0.8989951717433406	2.107808384125377	0.149346886857892
Nudt14	8.027846371759559	8.969706061885962	0.3642152120891218
Nudt3	2.9939876850137903	3.087370667015717	0.1523374719309674
Nudt5	1.35534096267951	2.3009264845488016	0.15965442582536
Nuf2	8.86977526450938	4.137729117486881	0.6327870722516069
Nup107	3.5084640472207376	2.654038447039474	0.175284239692926
Nup133	4.623986056390599	3.823054804321573	0.2560210411750116
Nup153	10.059463040755052	2.2862069692942355	0.1621651500102119
Nup155	0.3527863566104834	5.0963581603551535	0.276424514724456
Nupl2	0.5469258650318025	3.3360676224747103	0.1617167241959453
Nusap1	1.10857996638896	3.743488088778383	0.531434452170127
Nutf2	3.582331552031921	3.0155499450777223	0.362058850479826
Nxt1	7.508609344144899	2.921209516422964	0.1491344122236432
Nyx	7.612841785571121	2.9071737291427127	0.268095990970112
Oat	5.38521749443802	2.1177794786649047	0.3211308551515939
Obfc2b	8.52824250985984	2.2426787163507047	0.1288410998903509
Ocel1	10.455536029998171	2.876963999204688	0.212925489843864
Ocm	7.58001724621748	2.3407400474100872	0.404841206555518
Odf2	0.3664799239716014	2.1507093504273764	0.0988184323015809
Ogt	10.1735227241452	2.368230149018696	0.0955986475735137
Olfm4	11.606272205733648	3.0861626858765963	1.132782286925805
Olfr56	10.81311342088372	7.349232467102708	0.3354531469032685
Osbpl1a	0.4702948417790011	1.5797514075909609	0.3811452053026131
Osbpl9	2.3527928372808	2.644101268294468	0.0404465356549293
Osr2	1.694117389424001	2.1479340845182446	0.166475779914613
Otc	0.9047503550040092	2.2004634101879423	0.0785982738699105
Oxct1	0.5918266360767994	2.5154606076153	0.1235568627770584
P2ry13	8.270823886676801	16.183920286576466	0.1612510162496728
P2ry14	9.843979986437631	2.040135836113473	0.150927280363324
P4ha1	0.3888178209309991	2.3293888753427	0.297365291130776
Paf1	5.596611332355229	3.238741344087901	0.1168934552837543
Pan3	9.95260451924652	2.1820930684244484	0.0697604747540263
Paqr7	0.311682009180647	2.6810813674619776	0.7846465886642451
Parp16	0.0091872737244997	2.049073931153852	0.146757299085239
Pcbd2	7.6251098982176995	4.429323875789896	0.2191325223522024
Pccb	6.18931276541144	2.1787507762750176	0.181250029692792
Pcgf3	3.752312468631304	4.703758457875731	0.2493512847857039
Pcp2	5.8250445002381	4.133585458284001	0.564826847062671
Pcyt2	4.4634733140935	3.336442861292704	0.272627091914033
Pdcd11	1.7772869807119314	2.279265489604729	0.152447157525416
Pdcd5	4.5736119103306	2.356216882991099	0.179112234402989
Pde11a	3.27130418522623	2.992075601384536	0.0410364424275837
Pde1b	5.29507078918505	3.509229638897967	0.3173379424875
Pdik1l	0.2255070089907995	2.39665749003747	0.153316836265714
Pdk2	1.494560454290701	1.83237139808766	0.2624914331259719
Pdlim5	2.3941072017309004	2.5565093437176207	0.1010013717411503
Pdpk1	4.512797538417171	7.912044187850805	0.2315822433348333
Pdpn	8.28728615695023	1.787524359348322	0.263614206845046
Pdzd3	5.482087642724241	2.4878947369522626	0.1390223622725674
Pecam1	5.269716403560301	2.0861540012283006	0.0905474463193531
Perp	1.9585041629412991	5.60128468950724	0.1511654336764092
Pes1	1.740569549418293	2.1012889764230485	0.142431856127258
Pfdn5	5.458151363945869	4.573778714060497	0.2771309838647067
Pfkfb2	2.542334419136399	2.382250230847029	0.144514174774639
Pfkl	5.003863436298399	3.589156456481294	0.2293606043531231
Pfkm	0.28310007046709	8.76053330338302	0.2755657243359544
Pgrmc1	2.5149725769661	2.0795625514806724	0.1064463357452878
Phax	9.197509720851102	5.447962846688029	0.1350631517808975
Phc3	3.136174852511701	3.0154727268467445	0.0802175555587895
Phf20	9.95137618438285	2.783905905127643	0.110361944706721
Phf20l1	5.600099889233611	5.905939732546538	0.1508876311789768
Phf8	0.1372949532933987	4.607648483221271	0.238000003236167
Phkb	10.879161193577188	11.85142335092233	0.0500708551889099
Pi4k2a	2.2762856969618994	2.459086964960729	0.0988728727773533
Pias2	5.097808544235869	4.178744682166012	0.1782115512215067
Pigg	5.336628946817761	4.805012335262576	0.2807447228867
Pigs	4.319413253285699	4.174272112788341	0.1843636066221191
Pisd	0.4265773391735994	2.394269923794325	0.1844589449917769
Pisd-ps2	8.65456754643126	2.2661010839607703	0.216560908749496
Pitrm1	0.01112603453158	5.034827397663228	0.2669819958132463
Pkig	1.524158559804501	2.1701897927940066	0.0901260564087962
Pla2g10	1.873626758429399	2.3523899477169428	0.1403478229244469
Pla2g2e	9.96049154549934	2.977641955361974	0.333383196974772
Pla2g2f	10.91710131186768	2.787197341308838	0.228244007755353
Pla2g4a	0.4354863765434977	3.2488831580382187	0.3919040802431061
Pla2g5	9.22520208566856	3.204925442612449	0.248287672280536
Plbd2	1.2048717072607005	5.814436632191948	0.220032126255089
Plcb3	10.76803489490304	2.0044886110732985	0.0571142612013378
Pld2	6.14619514829681	5.799139163224437	0.1723997006666766
Plekha1	1.148263083824098	5.4426768861997	0.2709968616318786
Plekha8	4.0456464647543005	2.9688748743250954	0.161891587779156
Plekhg6	1.0057788571279005	3.055499612771983	0.277343681567495
Plekhj1	6.62933345758078	2.0053018926971427	0.1209731005299949
Plin1	3.7811672718561	8.853561384366326	1.615155584736069
Plin4	0.3574778766696997	2.1578602034058054	0.541785793850198
Plk4	2.805715986468321	3.5390196864611827	0.317458230008408
Pln	11.50481901662156	1.4532024175367455	0.204241006028368
Plxnd1	8.286502300024601	3.655516995662	0.233219059583658
Pmel	0.5511224817465994	2.387055553250749	0.198805643880042
Pmm1	11.8819904468569	2.3550235139905547	0.208478855612761
Pms1	0.418739351659701	4.527269528705705	0.1264959144465021
Pms2	10.15053637475168	15.637356045882248	0.28230450508402
Pnpla6	8.50238703099434	4.457010906555476	0.1111106634769423
Pola1	0.9779638886829892	16.29819775914526	0.1994160433027245
Pole2	11.40083302521253	1.8478880358362089	0.231943811103298
Polq	4.323811571105356	2.255395090233379	0.0311154163652009
Polr1a	2.674524814511741	8.909627670475956	0.3631958802336912
Polr2i	5.45149993261256	11.066512403206868	0.2376423071884741
Pom121	5.478123401784899	2.901121564538524	0.1044738098556783
Pop7	2.80630795633728	7.499906584652868	0.251080601436777
Pou2f3	1.4128902318676992	2.801701433286197	0.304420711915403
Ppa2	3.804516822601931	2.5642263359879376	0.177774647449855
Ppap2c	3.3678323375807206	2.439205616190943	0.155133970433372
Ppfia3	1.3609190668598998	2.5188249172222723	0.2327303919876829
Ppfibp1	4.96972796782331	3.0607447796081844	0.233949703515889
Ppie	7.04092499837931	2.5470044393076154	0.195249433136873
Ppp1r10	4.936672042380399	3.7375389904416	0.1277321073196181
Ppp1r16b	3.9568579677394986	3.3782560013297145	0.0745637955405109
Ppp1r35	9.58163208249827	2.488557867145008	0.1329971655937364
Ppp2r2d	0.7245871017424008	6.972117165748775	0.1594046636589093
Ppp2r3d	8.214678757310187	15.989269685801158	0.348471188705464
Ppp2r5b	1.1005151523682013	2.280396201319371	0.2072793491161079
Ppp3r1	8.988042567093691	2.282919717735832	0.090937199300077
Ppt2	9.50762708168564	3.891301681917073	0.308599288845256
Prdm2	1.389546493437301	3.420166169245921	0.158394576018027
Prepl	0.7269068398945997	2.647256007496442	0.28566373432771
Prickle2	6.1092737212360895	11.504747281599212	0.1340227565764962
Prkcsh	7.58263481751958	4.515041221964088	0.2028338090892082
Prkdc	5.605580626280709	2.003003293737476	0.0671876136620472
Prkrir	5.223837631884699	6.860858395808969	0.087102392518964
Prlh	4.188493499283471	1.3249422372713449	0.2821422202979381
Prmt2	0.9136907162602004	3.67009387863568	0.178485295036927
Prpf39	3.9055695600481	3.953674023401829	0.2229199785570479
Prr24	3.3010739010925008	3.3929235260475243	0.1876590429435012
Prrc2c	0.1550981039812029	2.078403422906493	0.194016730113374
Psap	1.911326490514309	2.466470642219861	0.1041096069075377
Psmb9	10.89529552841439	7.924400165293491	0.2362733751472737
Psmc3ip	1.06215921295834	2.6641768793018805	0.416944961052923
Ptcd1	6.46582939518823	2.123750000712198	0.124773373268793
Ptpn6	8.94210389051546	6.528011830642729	0.1338163797713428
Ptprd	0.0634571928839005	1.6960980081161916	0.247664967230255
Pts	10.74941075080286	2.206260556578568	0.072576347110414
Pygl	4.7775679014932	4.52388378064042	0.648028082890472
Pyy	3.338996671727301	2.7224821607428136	0.338164676520146
Qtrt1	5.157619665024232	6.876424544592164	0.4524080246536383
Qtrtd1	1.392140029908191	4.983978685890499	0.3667890413809944
R3hdm1	0.5951466802139009	2.1519614158447364	0.1064420486620011
R3hdm2	0.9793259509168006	6.022551992802263	0.1650512507199724
Rab10	5.107008719073701	2.404419490249241	0.0865434080842364
Rab11b	1.5025714307993017	2.81232026430291	0.1545881245682072
Rab4b	2.2408707497339595	3.88760329173012	0.243950022656449
Rabggta	7.957410415651198	26.7079138702026	0.3056651974851987
Rabif	7.303654166963598	5.227327738409014	0.0932890536882497
Rac3	11.55185326732296	2.977464314568481	0.303990847346391
Rad1	9.387122425054502	4.590891107556764	0.1267612223574704
Rad51	2.221112456921118	3.886576300357428	0.502705604532924
Rad54l	2.969552111285852	1.9222247614072976	0.238659852558934
Rai14	9.820790502782632	5.007644213100392	0.08152769169068
Rala	1.9135168069495088	3.3493824267112853	0.1202949873474365
Ramp3	4.02184573142886	2.8188241657438016	0.1551019783510331
Rap1a	10.44750111128953	2.1196581440519835	0.0542589373737526
Rap1gap2	2.165797500544798	4.797764808836351	0.2254468701286927
Rasal2	8.9842135655701	2.1873068482000213	0.0398255345868089
Rasd1	2.7858792057020008	3.769925872790989	0.329585000619893
Rasgef1b	0.1546403654072996	1.5434709586462532	0.3234685387041229
Rasip1	0.8425327886704004	2.175402955733629	0.274665247498671
Rasl11b	8.368478515102058	2.2031372700091048	0.362731228928077
Rassf7	1.2337690634852994	4.511456330027391	0.226875396288747
Rbfa	11.6340445072817	3.186458992531072	0.248713316947555
Rbl1	7.8356774251786305	3.1382958090301054	0.1019777687555817
Rbm22	11.97753460654191	6.788354176551298	0.1241885455515257
Rbm26	3.5988656791760505	2.0707146452093785	0.07322341785472
Rbm39	1.861565595406033	5.8106136007487095	0.1288875075789399
Rbm8a	6.2003681115352896	2.506402498752153	0.1232802483232132
Rbms3	7.781601712710056	2.090770667331051	0.0577090720828342
Rccd1	3.41735677877984	2.238643458777297	0.170234098678681
Rcor1	4.57852457330754	2.261236330406822	0.278227487985982
Rcor3	3.7050077663154006	8.260152264180501	0.3576719288826417
Rdh10	1.8056987981470003	3.160979809723918	0.0789380573880181
Rdh14	4.685350146371619	2.7368978879680923	0.1437677221679565
Rdh16	0.9604713701218	2.110597621913399	0.1693039242490369
Reg3d	0.6415695475701381	1.288390740649597	0.210377305734176
Reg4	9.084734062210982	3.771511063378428	0.7443851991039939
Rest	2.7521267975790984	2.5475286252472893	0.1152110519792384
Retn	2.7968294203427995	2.987544373556814	1.20591455116264
Retnla	0.2537486575254011	3.652163921402329	1.193274176104688
Retnlb	10.507069337435189	7.399378678581608	1.467957116902708
Rfc5	2.29959284673634	2.33980371762669	0.142780931373732
Rfesd	4.17442388399465	4.716199360924238	0.1784563458189668
Rfk	2.2064549626601	2.493822520221359	0.1768365633139429
Rfx1	3.163184517516502	2.6953752988120905	0.250759965902088
Rfx2	0.018906274886401	1.2840144799715596	0.2794898149251329
Rgl3	1.2260692305194	1.4517241740495974	0.306286719783183
Rgs13	0.4577840878175987	1.7974319373864531	0.392842642295748
Rgs4	7.7248756828024	4.334021480838791	0.3495979874098699
Rhbdf1	1.8468856140999	2.7808521073478527	0.102697676040894
Rhoj	7.101808022974099	3.303908378017568	0.311577992362944
Rmnd5a	11.65468005329902	3.5942494992864984	0.1522513945001018
Rnase1	1.65228911006872	1.7977207452908388	0.334770701136763
Rnaseh2a	1.8860065414828304	2.867217016818062	0.19917070017815
Rnasek	0.6137016341728003	7.038535877794422	0.3115805208622598
Rnf111	6.425824792641482	2.1045376930070008	0.147496001472157
Rnf139	7.483395271200301	3.5274337924691666	0.0895816160195814
Rnf166	10.6306605583881	6.534298182375459	0.0949259895155842
Rnf169	2.933144025752501	2.411564771792521	0.0795789989093055
Rnf180	2.4608552144167	2.8300401504031902	0.365977920613613
Rnf215	10.8710013320533	11.719630162350422	0.1304107709737286
Rnf219	4.220250639946801	5.924202784192964	0.0973971491292353
Rnf25	9.1350101787847	2.475795426422734	0.0776583696890896
Rnf44	6.7167678252058	2.38516237494119	0.1795285611067369
Rnft1	1.8548726593678	2.13403868601217	0.1105632799711988
Rnpc3	7.657930603128747	4.107191503628284	0.1843450019560848
Rpa1	0.4589495355400599	4.847744147257614	0.1844275968730432
Rpain	7.106427983384486	2.047993933914756	0.17937538353468
Rpl10	3.325620947049381	5.696866488524371	0.2370041537268013
Rpl27	5.059611264551231	2.253350837877348	0.166258342458948
Rpl28	7.148734472413981	5.355572910057739	0.3320652618178907
Rpl41	6.049573403270019	2.083967207204676	0.209280827102608
Rpl7	5.924344909607189	5.38749662858974	0.2140929210734904
Rprd2	8.054317599738129	5.358719464364396	0.1559773318238164
Rps10	6.049615933535611	3.5153186730850354	0.260718015427877
Rps11	8.5412607691253	6.39491489679063	0.2350198750494277
Rps16	2.070930936608841	4.755734609064858	0.2297938810950521
Rps20	5.555128215035361	4.809477933860981	0.3046023581300674
Rps26	7.066050028990579	7.129229609368634	0.352865070302837
Rps6ka4	0.6915348921455013	3.191966409599089	0.257649232040182
Rps6kl1	10.3543434159997	6.967391172751206	0.3568258609132395
Rpusd3	3.190415081025	2.535570268382277	0.29405507649089
Rrad	5.039747412319802	8.131462932798824	0.2979690793912553
Rragd	1.1099235271211998	1.5126469033327374	0.2122766257283699
Rras	1.1400507065726	2.622936159588449	0.23218955977413
Rreb1	4.620916673293799	2.1154103453834194	0.0782461418280223
Rrm1	0.43802604727825	2.679339513324883	0.290368648070021
Rrp15	2.331105288865839	3.1928260127938994	0.432220991959389
Runx2	2.483346106986499	3.965482404122673	0.0764801307267097
Rxra	0.6023115789051001	3.935157709371194	0.1300701589224563
S100a11	6.094642936473399	2.221554569438068	0.290018904037471
S100a16	7.963639840644202	4.89333538027366	0.2564174501533445
S100a6	3.8717547407471	7.561051347339726	0.469608454064492
S100pbp	5.456096992045499	2.8311795328202085	0.41511668413052
Saal1	8.762980135361948	2.0740151138685485	0.184503810569837
Safb	3.9744704488896	2.249097849283189	0.0894014983374665
Sap30l	1.6817141844610006	2.4876531157030204	0.219760132484166
Sardh	0.6118573200921986	1.4693131006457838	0.2013861346560189
Scand1	7.50139339803982	6.236518481138277	0.3677948115131142
Scarb2	5.314306841446339	2.236350782360482	0.2083228324549779
Scg5	6.055768292388731	3.4527512418917694	0.585664832307922
Sco2	11.74907830005997	4.882391692203042	0.2222411775360309
Sct	1.4756906602225983	6.09360281840425	0.4323984515233965
Scyl2	9.837024682669227	5.08231367338418	0.2307583342410737
Sdccag3	2.863862413999101	3.5435065097525165	0.1869800163242908
Secisbp2	2.0971876704498023	3.70025540052092	0.2343397969673297
Selenbp1	0.1709938755390005	1.5702231573934695	0.2250605446724969
Selm	4.729660332955499	4.992415951270285	0.237745316812653
Sephs1	0.560380781919851	2.279625845925599	0.0913609300903969
Sepx1	1.0384485921480398	2.3532530762626416	0.171315588714341
Serf1	3.751439541106009	2.614769085570822	0.1914622823967889
Serpina1b	3.2812080248691	2.7315049121004606	0.263468874326667
Serpinb1a	7.6271705487923	2.3713310332396413	0.151731826506024
Serpinb9	2.4178725405035024	2.741866744166184	0.26641788237038
Sfi1	9.1038809760435	8.40502652118698	0.175978615642182
Sgk1	0.8600356145588979	1.706161566794596	0.4002434749970229
Sgms1	7.375403778527751	2.760868563868692	0.1298706303496417
Sgol1	5.574675804451655	5.539105716845626	0.3665070930642139
Sgol2	1.3628892756379507	9.187918013114835	0.1395617111684239
Shcbp1	1.652900111287583	3.578563142867874	0.354552557754681
Shfm1	4.47297904832831	2.223407963015964	0.20099759073873
Sin3b	4.87426823886618	2.358134505758302	0.1223930608920797
Sirt2	4.51214468195942	8.493741326200842	0.1069783603924068
Sirt4	1.319166214253901	4.312321016146997	0.1609039792134977
Slc16a11	11.501705253330751	2.694469961443684	0.187221328814177
Slc16a4	10.3148467289546	2.524716901172434	0.0626089309375267
Slc22a18	3.2959688036245	2.5409823910756777	0.170148752310446
Slc22a23	3.6222622730014	3.6870423721705214	0.1505969834972785
Slc23a3	0.2460934614725003	3.830819799825263	0.2196581103274329
Slc25a39	5.871186238116898	4.225735401303831	0.1566961057311558
Slc25a45	2.98746673762935	2.444773311035788	0.445522131028607
Slc25a48	3.795643440927101	2.2598423329048747	0.2881692461184389
Slc27a2	6.84588734309094	1.9207418603366568	0.261154429945694
Slc28a1	1.8677007034921989	2.4843982148934987	0.497890919076294
Slc29a4	4.745672774071531	5.18100331916297	0.3223636041928684
Slc2a2	1.9429239324408003	1.3119795496943538	0.233487252285202
Slc2a6	3.028810925941901	1.514995787911834	0.292717827110434
Slc35c2	0.1498693126162997	1.828761776897956	0.213855929124979
Slc35d1	6.7204831525109	6.1237813934836165	0.3558991137678491
Slc35e4	1.1536776761119985	2.168425873799304	0.213876986086412
Slc36a1	2.5136657613088795	1.6413170599181068	0.21735800988228
Slc37a3	0.3267479152218993	2.871480612439104	0.1496294693775776
Slc38a3	2.1959709410486994	7.719262654132323	0.755361917613441
Slc41a1	10.837104881936	2.6294294318614275	0.1391618078732729
Slc4a2	0.2575012802985998	2.8790136728687816	0.1612971945505818
Slc52a3	0.6473907110518997	8.175341585626082	0.2302167047287329
Slc6a18	2.000310175257699	1.5130104193111031	0.268187731910988
Slc7a15	0.9276183836501009	1.4339384838221223	0.242635673335082
Slc9a3	3.04900169032652	2.1776318918775	0.5326784423007951
Slfn1	6.649512566239061	4.725405939300453	0.518648308225987
Slfn2	6.401218378930601	7.788676280913985	0.3596975279154042
Slfn4	2.429154192396421	2.139311738177876	0.13767074105932
Slfn9	0.101355637292006	27.87637212781332	0.1810375941290197
Smarcad1	0.8491324784784986	7.477597479344685	0.1975555493513299
Smc2	1.1238879399218007	6.232738007014873	0.3863391224491647
Smc3	4.407536247318319	2.085395976805089	0.089110741719132
Smc4	2.9716648231275187	2.3956481874856554	0.1362729559348504
Smchd1	0.5722968216458675	4.723450198079737	0.2141411197003504
Smek1	8.51998742402407	2.586399667666299	0.0527077083452341
Snapc2	9.958679611379472	7.451258291667608	0.1600633795790082
Snapc5	6.950979877332399	2.054299111296764	0.139230230570239
Snf8	8.02802110971976	3.138909400349726	0.22159859382752
Snhg10	11.52682532698898	2.395464498854852	0.293339854713999
Snora78	8.32335080484372	2.312841791851139	0.772790738883386
Snord22	11.075249028500458	2.424275352877032	0.7998482859005841
Snrpb2	4.579343326586329	2.0040334547783423	0.1137867977273429
Snx3	7.746855728342349	12.649329586439746	0.1729010583564012
Socs6	1.7493990867123017	2.060310562252456	0.139418358797087
Sod1	3.9074848724062106	2.3353656387772017	0.1662949717542129
Sorl1	9.86199423882637	2.443999202369409	0.0864812205415201
Sox13	4.0424266038639	2.0470480471005863	0.126876548891412
Sp140	3.0128030612541856	9.391738100527142	0.302940182866349
Spaca4	0.5785966926626003	3.1381117530389333	0.472832167497294
Spag5	1.917898898034629	2.720637714572367	0.4461529950263909
Spata24	3.3110047864481	1.525223925201062	0.212309178443149
Spc25	1.7419571804019718	1.736079435372376	0.232380026106415
Sphk1	1.530836483919499	1.7709391512687946	0.3808066411511669
Spint2	7.19893067854139	17.955115473519907	0.2711251889773849
Spire1	3.754269119091101	3.032611571515022	0.1790571978434588
Spon1	3.49277633128196	3.2812375353358454	0.2071745914386565
Spred2	7.383088201909359	6.742931221232131	0.450022074012453
Spsb2	2.142998313030601	2.917410504663511	0.1655102231954338
Sqrdl	0.9084317653090004	2.451606894472944	0.245255437285774
Sra1	7.12105343219757	3.664207224202572	0.1905909978743482
Srbd1	3.4249767747752315	12.092996642444982	0.3043042599158226
Srgap1	8.423260132622499	2.56566739706376	0.1318210155689725
Srgap2	5.3613430320100015	4.724119930883052	0.1498491568586944
Srp68	4.074408677873539	4.238316048568073	0.1563674362693401
Srsf11	0.0663482100897994	9.837336604509046	0.1551588281897867
Ssh1	0.9453535225339992	2.669614780704871	0.466430649305891
Stard10	5.30963496452113	4.8292052462219	0.3399173336840292
Stard5	2.811961997743799	10.206350740575754	0.1743907479387604
Stat5a	8.670676784495	2.701145456953145	0.0557785506752733
Steap1	10.83276021437118	6.287229843597407	0.4509165543637214
Stim1	1.2742986736772988	2.423475424080481	0.242400574061915
Stra13	6.59405290267606	2.649965729526031	0.1270837679742804
Stub1	4.518062192755901	2.2689568965435947	0.1201502077591593
Stx17	9.97921325721654	3.351187166115528	0.0686691956246594
Stx4a	7.653355426493239	2.737202837230921	0.1350857283296141
Stx8	3.337099314751549	2.127154022880987	0.175344720834856
Sufu	11.87936996053708	5.500554510104343	0.3304044410867513
Sumo1	5.01163440543176	3.422203472255597	0.0650053439930516
Suox	9.0500201216829	2.837404448024408	0.0919608993396789
Suv420h1	4.845824704349599	3.8376535885118	0.1570936521862482
Syce3	3.4358423125827	2.6499910624322083	0.240164722860535
Synpo2	9.7567574616475	1.4313834263502403	0.29785472631194
Synrg	6.638033284084601	2.7870212113427724	0.139328662636507
Sypl2	1.2300585015555008	2.149616958660345	0.261046945689509
Sytl3	4.2891773037599	4.405847601342502	0.2453588210249414
Tac2	1.104447611676699	1.308088671525566	0.2975065762044261
Taf13	8.01417287415776	3.159609361945036	0.0682314665500627
Taf1b	1.6075382939600793	4.748848638980824	0.1322131620094256
Taf4a	1.184184269839001	2.480949479768665	0.1361973942549048
Taok2	3.8334308469697	2.255251352335525	0.1042360487796664
Tbc1d12	4.094424192435799	6.027650014131948	0.2217342563447372
Tbc1d23	4.374579077258442	3.070376718456367	0.144951984809337
Tbc1d25	7.6602331346237	2.230187480715525	0.1168042167988033
Tbc1d5	11.526050059250768	2.0740967630811835	0.0858587418486892
Tbc1d8b	11.9942317556567	2.830995584842432	0.13582049310951
Tbca	6.553669484006759	2.0179206894945083	0.083951481873904
Tbcb	3.246931920373701	2.698316723474833	0.1919546325653229
Tbl1x	1.8546090149691992	1.7148232559753471	0.202566000138697
Tbx3	1.1434753913561	2.6074684002659505	0.1527858131829451
Tbxas1	5.986586401743672	36.79590300042641	0.232441238356542
Tceb2	6.456985311951021	2.933450845534025	0.1912753468356033
Tcf12	8.525476248908909	3.776454063834667	0.2014463920322549
Tcf25	7.43722503558451	7.688238295003741	0.1283456468927838
Tcn2	0.0018762215850998	3.555740463945201	0.2459599008136839
Tdp2	2.50120801588189	3.7332704663156697	0.1583289527025291
Tek	6.496492579287901	3.990832837610212	0.2375967563762743
Terf1	9.235599024680957	5.548202996221924	0.252604124559856
Tfap4	1.904539738393492	2.2895988666840634	0.0838518416191333
Tfcp2l1	0.2906827418161999	2.624818004383012	0.679415930543616
Tff3	3.9348084279127695	3.263193733768512	0.240578628571547
Thap1	1.9187758945056004	4.430536146060287	0.1069953198196776
Thnsl1	5.184158828172501	2.722907393443342	0.287583562355362
Thumpd2	3.5839078649612404	4.055478074276191	0.2549113138468946
Tigit	6.218204822144003	2.614282027677639	0.32637611434214
Timm10	2.3798950626583704	5.20685396696238	0.227547069510709
Tjap1	0.8811029349104	2.9749055316592	0.1265023017168191
Tk2	1.3755135404142995	4.5691706744411125	0.1918880483106426
Tm2d2	11.2023978628869	3.492635146453496	0.1086991237485703
Tmed1	9.49505057038742	5.182629178528569	0.1803666817250791
Tmed6	1.33870044187343	2.484765210991298	0.396822004340001
Tmem116	7.353100414638998	1.802883782717467	0.4427395079333259
Tmem134	4.031912636439409	2.198284188027356	0.1277816389516179
Tmem135	5.49810386644269	1.5414656477163675	0.250335820239878
Tmem141	0.6617886561295485	3.4758177568265314	0.362973318477839
Tmem149	6.874724940275401	2.613709166908118	0.0617520569271763
Tmem159	4.690290313436529	2.45444803219281	0.1032224426541884
Tmem184c	0.4126179342315019	1.8285511354074515	0.2083967164922219
Tmem194b	7.793699682232017	7.507648124984099	0.2703948203314802
Tmem223	7.419486190941557	2.147205678100161	0.145863150063123
Tmem29	10.7740162050292	3.368285309734272	0.1614859822891003
Tmem41a	1.7198334137509992	3.931607551584588	0.3205965207358039
Tmem43	2.1265127090821	2.632728428465263	0.319947894299593
Tmem50a	2.54067381000246	2.0356595259358605	0.0920756146911001
Tmem59	0.3853565171518003	2.592168381325312	0.1560386384717902
Tmem86b	5.10293322004132	2.813850059413217	0.280103037147847
Tmem88	4.501097898460941	5.2103362829821815	0.2414386547290578
Tmod3	3.7462734372992976	2.839029241334567	0.1201284436188144
Tmsb4x	6.01814930654774	2.4917098678543663	0.123457832329873
Tmub1	8.905691652638698	3.8245741481874895	0.1510982453951983
Tnfrsf10b	10.0939191354279	2.1275662973239577	0.1490954866495249
Tnik	0.380938138248208	2.112284064232828	0.1077895000384041
Tnks	2.9863552214904985	8.239855331066222	0.4467274180108804
Tnni2	3.688370816909021	2.484297498328627	0.506160202248899
Tomm40l	0.4653958764569408	2.582171250406506	0.300725909939036
Top1mt	0.4694874856873294	2.3057211693032134	0.0822601488426094
Top2a	1.5608698145100302	5.596365726789103	0.642108071583727
Tor2a	5.64519472025936	2.6422650450367016	0.1312058240136254
Tox	11.04646451893824	4.21406561142334	0.2532178597347906
Tox3	4.173116811266198	2.667497064157005	0.24229503371591
Tpp2	1.00856285407	2.176747268213003	0.154855213249667
Tppp	0.8354578599745004	1.399486528611094	0.23883306537792
Tpt1	2.566294940013	7.706964713531039	0.2085120167942379
Tpx2	0.941282946286468	4.570135484313636	0.56437403163651
Trappc5	9.3105201057911	4.190845629411188	0.1048769476858375
Trappc6a	0.8005291286999014	8.38603517518493	0.2442333910663494
Trappc6b	1.8788498637960007	2329.333498379221	0.1950335924462651
Trappc8	2.461678152278001	3.483892337740909	0.179147665097183
Trib1	6.995768132011101	6.670581334683093	0.2990914745186919
Trim34b	5.704505687639124	4.432589823533028	0.462166842926033
Trim59	3.5795995894288417	3.999527466997368	0.401795096705163
Trim8	1.0190325444083008	2.179194928645668	0.1135921444141478
Trmt61a	4.97214112634407	2.567383250930092	0.202466376583082
Trp53inp2	1.595004331846999	3.015872671639188	0.1174590487115302
Trpm4	6.87527983147044	3.292523112247573	0.1138168163703131
Tsc22d3	1.7855252464689997	1.5585090545251905	0.2665432266498739
Tsen15	7.018763756429621	2.6616922736767705	0.211644120208449
Tsku	2.5101927579500627	1.4999710210507031	0.20153453644612
Tspan12	4.902662342109501	2.3512545618943457	0.197359102362701
Tsr1	1.2682565909828014	2.12995094978579	0.1012863629966032
Tsr2	11.06321317077879	3.454896966729128	0.2616000805355279
Tst	4.3571246934657	6.0299058067136455	0.1937428934987057
Ttc16	0.7849803404252995	1.4950864990801265	0.2112942965940879
Ttc39a	3.88495107265882	4.342838789078996	0.2076036378305468
Tubb2a	0.5874160226614009	3.19020753132543	0.505563594761924
Tubb5	8.049962244313422	2.0323634837188944	0.1749828135877719
Tusc5	3.8452266628075	3.090464433325697	0.4375239751266689
Txlng	0.8727294259482008	2.789717979493457	0.215203204076538
Txndc17	0.3079365910116998	2.5709129838082165	0.2254446100765489
Tymp	4.5919788888427	4.2295217743279565	0.330487442806794
Tyrobp	4.593644556362039	2.0744754989563883	0.0610511344614154
Tysnd1	7.181112160597598	4.595978490699704	0.1634340883437179
U2af2	11.65640075462434	2.6793677691185587	0.0599256122796839
Uba52	7.9951645497638	10.032751142292923	0.2979020712579331
Uba7	9.62618404961118	5.29638729508819	0.1044173622457781
Ubash3b	5.2551052298193	6.402104069146469	0.2693612391842676
Ubb	8.40732295827889	15.579939569250374	0.1938577208396266
Ube2j2	1.53287554627142	3.0851001187537705	0.1763739297159646
Ube2m	8.093997319940579	6.302436755436214	0.2812299199045014
Ube2r2	3.287027925946872	3.1187980460356046	0.1050014330275088
Ube2t	8.893803078249572	1.562328722820307	0.224513018668026
Ubl3	10.73179309271347	3.656355110734616	0.0806293946801305
Ubl5	3.542927458127471	2.428268159556948	0.1550074875630939
Ubr7	11.645442822781373	2.246789754914667	0.0915286871329938
Ubxn6	2.1264400490693003	5.070151836141672	0.2791086573947655
Uchl1	8.507718276124969	2.23355044146561	0.256964450278942
Uckl1	11.6316796130985	2.5687295637706566	0.0655881513029612
Ucp2	0.1325994955751994	2.1589101111727382	0.290939240594675
Ufc1	2.2158490861515503	2.2329541577434977	0.246279732230304
Ugt1a1	6.196437155516302	2.296843632322577	0.22145643216685
Uhrf1bp1	4.1278189825194005	5.071310084466465	0.1088882771330236
Ung	2.953660889325836	1.9270680045751687	0.2912933870972389
Upf3a	1.2583669136288993	8.43312589376909	0.1828902708734393
Upk3a	6.5404589044195	2.24307830720655	0.322181328017925
Uqcrb	4.540401618099401	2.085793352905238	0.14266169287846
Uqcrq	2.28366587681222	3.578335732198017	0.2232229107275201
Use1	2.4941818806173206	3.4610530878517185	0.2328834895515206
Usf2	7.184072345490598	3.918616239487324	0.1528217676767934
Usp32	8.624490717851971	3.868540890469747	0.1064891857088901
Usp34	0.2450713802290032	2.465102592279192	0.2884826730543259
Usp46	7.088085669771399	2.647417881353441	0.2237169835403919
Uty	7.509817908082159	3.385058684400569	0.2489449917690179
Vamp8	2.743153378876629	2.260808098372668	0.161255424541184
Vav2	7.0923959946556	2.647341605685661	0.1929283501160519
Vil1	1.5382109532902	3.114732753021064	0.1247291311540988
Vill	7.684413570468501	2.5670091414793066	0.1565349454360894
Vip	11.791846729306	4.056426637053911	1.083800183734648
Vmn1r91	0.82279353959657	1.74580164559743	0.3671134926214249
Vps16	11.91003520536567	2.133133303333769	0.0381523671340577
Vps36	10.5737682467501	2.8254239504519427	0.1089511184311288
Vps4a	0.067351942538	7.743614067008956	0.2064655346063586
Vsig10	2.2760577586911594	4.08789144244546	0.1819506345417831
Vti1b	2.13690010757952	2.385469849959162	0.153688032151149
Wasf2	9.93652279053908	6.702788855360904	0.3545167241424563
Wbp1	8.03959190928284	2.4506440221492483	0.129266152727409
Wbp11	5.37450819410941	4.907335756375936	0.1748578201830466
Wbp2	1.2405798948145002	2.8633086409431883	0.206719706555454
Wbscr16	1.4043907876252997	4.4974836629567045	0.459336905335331
Wdfy1	8.917785301656307	3.153163426641693	0.0727941603862668
Wdfy3	0.2498772942944995	3.2093929934561216	0.236050702659916
Wdhd1	2.1281541910433903	3.5852444073024103	0.2397545575585238
Wdr12	6.704961295929891	2.2506563824964747	0.2547223952223639
Wdr20a	7.6587271708065	2.647204931515437	0.1475574586148727
Wdr34	10.66409783282893	9.312705001546512	0.3791729178649261
Wdr37	4.20431065150726	3.8920597482111816	0.1994545360980332
Wdr5	6.78869205638998	2.720562724838088	0.0740064705814587
Wnk1	2.365460156537498	2.4476889131733723	0.1178782108859543
Wrap53	2.681770817213529	2.7507801740637703	0.1102412084400095
Xcl1	2.2212281405595498	2.6031813461587827	0.309156570823264
Xlr4a	7.859550831521199	3.38730369381803	0.335488789003159
Xpot	1.8429264100417024	36.65821298771891	0.1137134141071704
Yap1	7.044365203511809	2.7664795408992706	0.0573114970946482
Zadh2	0.007772591934902	3.222588732393693	0.0830604836803537
Zap70	0.517623383819501	3.053303297632928	0.1460407646156091
Zbed3	2.410716761375681	18.13545471425752	0.3867205665989739
Zbed6	7.125274615719061	3.238480225677907	0.513757387330032
Zbtb1	6.2287039654612215	2.6142072061131096	0.1816662145131249
Zbtb32	2.267002127626	1.961738282132253	0.253811075006597
Zbtb38	3.6012269581500007	2.442865877015872	0.1874824478058649
Zc3h12a	5.540149311171589	3.153485242023094	0.2484611364618
Zc3hc1	8.943909447479358	3.4341041479205536	0.2230630957928719
Zcchc11	5.210745168785	3.007924317715404	0.1929464936298109
Zcrb1	8.001493636749402	2.397734892769848	0.142294027816675
Zdhhc12	7.77821822333221	2.4961613470069226	0.177362045176399
Zdhhc2	3.2967400509450613	2.8339414650796386	0.230029267701257
Zdhhc23	2.8639128328105983	3.0284355415954765	0.4534611337889019
Zdhhc4	1.5744701008865007	2.0360303566458184	0.128124076725908
Zfand2b	0.6337549833646001	2.2265189034244552	0.177397273702225
Zfp101	0.046003169431799	9.9016415630034	0.3182492228613465
Zfp146	2.081006289378489	2.626387814484728	0.200886924876454
Zfp167	5.170886593511801	3.7158919013641016	0.2518280937348232
Zfp180	1.1333482294392	2.5376185554533874	0.1721463872750829
Zfp182	6.640091250948501	3.891069372037268	0.1266399446050758
Zfp192	9.853023979623485	3.657278183651892	0.0856537108759983
Zfp236	2.2636424155994384	4.62210800902173	0.2699394481960023
Zfp239	1.4355951180812596	1.9076630437221629	0.209187148645837
Zfp251	7.47305613354953	3.120572257432156	0.1378700057942807
Zfp275	9.755109240044687	2.1483748605313457	0.0817170197036522
Zfp276	4.036653127955299	4.001693534782719	0.145788742104425
Zfp326	11.54938869810758	6.083011561478554	0.1833537421399171
Zfp335	5.13465191599926	3.517936725098312	0.1400372826076462
Zfp341	1.0576996783347	2.02192114770185	0.201855156206906
Zfp385b	1.6465199236225008	1.610310052550043	0.2438405502942839
Zfp407	3.182860411078241	2.075902632336705	0.0799217420447892
Zfp445	1.2397821482678992	2.567076928072725	0.190962328290126
Zfp51	7.814139154241001	3.436406515267509	0.0975122368277074
Zfp524	9.45919553552331	2.823855457579524	0.1156386107890617
Zfp574	3.7184212537239	5.720271620570485	0.2106032240643895
Zfp59	4.172817090110382	3.459327778889645	0.3767142959632159
Zfp597	5.185091844368198	2.041191749164033	0.0760915992677585
Zfp62	6.452716631318442	2.242572520492394	0.1806503427970859
Zfp639	2.7218374200204014	2.2518959150834053	0.1147239646186238
Zfp677	4.455901767767399	4.835205710501544	0.1092966150915428
Zfp69	1.3049848492231	1.6681255694841637	0.3003318529466449
Zfp704	0.6650422198908901	2.1202441026506325	0.0844738630279542
Zfp800	1.0062906901655992	2.4799673415836176	0.298646419571135
Zfp821	3.7502672088722	3.920015347746484	0.2603041626996457
Zfp865	2.1688394483981988	2.090251123425208	0.118363037379272
Zfp867	1.3567733338842096	3.5685673450594586	0.1388277959664338
Zfp947	1.4497000292701	5.7662322757583055	0.0906765249283514
Zfp948	11.0552315820895	8.632987061063575	0.2017255196170593
Zfyve16	5.12657025427794	3.358968961445641	0.0873377226363605
Zfyve20	1.6875342421209003	3.352408741037793	0.1782413990441611
Zg16	3.0042172983699995	2.361548822739576	0.3319946411822589
Zhx3	6.78759249886871	2.635327777975588	0.2054712231348579
Zkscan3	4.9346594654168	4.577222905749142	0.1228235536336934
Zmiz2	4.061042584432299	2.412399073362286	0.154423383341588
Znhit1	11.7885867356497	2.339465562714072	0.1299874734226797
Zscan29	2.033250789301899	2.4571741835058107	0.0659441646616926
