CycID	meta2d_phase_diff	meta2d_rAMP_diff	meta2d_rAMP_diff_sub
1110001J03Rik	0.20108794779751	2.663212309975713	0.0559311179705115
1110006O24Rik	8.0513464064896	2.6658591726781524	0.1601684563656804
1110008J03Rik	11.661544646451793	2.425145582683517	0.0917054900199828
1500010J02Rik	5.177860563923009	2.3160187908694625	0.146742249328408
1600029D21Rik	10.4400599606778	109.8452364079077	0.8675700000270723
1700025N23Rik	9.4470538894189	2.6747453817955065	0.1767049705083649
1700123I01Rik	9.222435641097473	2.314883516933869	0.198722776309502
1810014F10Rik	1.678931115609899	5.535400085953374	0.1148678337874343
1810043G02Rik	3.34121428618878	2.512660868505059	0.1613385021224029
1810046K07Rik	5.0285891987542986	1.9807399474701184	0.383017415634485
2010002M12Rik	1.1798260550486006	2.135273160740662	0.1408151017871839
2010011I20Rik	3.167372410417201	2.2726325531860567	0.0352384326378337
2210019I11Rik	2.3217879077604007	1.907461387463439	0.2534700436268169
2210411K11Rik	2.3634723829305013	2.3632100891403107	0.1268457201447987
2310014F07Rik	8.24666572313372	5.20391113852452	0.6237865825212909
2310016M24Rik	1.043078653005301	4.191164141301432	0.0712215784639684
2310030N02Rik	11.6632414021032	3.515289889778741	0.1618217552154945
2310046O06Rik	0.9365357031928988	2.099350517643166	0.027488821345566
2310061J03Rik	7.501294264589451	2.0333546201815325	0.0946362297714158
2310079F23Rik	1.9198142556344	4.519451374212205	0.1642827592865434
2410066E13Rik	10.376226948789562	2.3517843159331	0.049246587410185
2600006L11Rik	1.8987268233895005	4.306691452392692	0.558427487415557
2610318N02Rik	2.2459782777702992	2.6309824827166435	0.1063726768352407
2610524H06Rik	11.83738735485356	2.2497346577544297	0.0955190809620137
2700029M09Rik	6.607054970802	2.4608325529188377	0.1417594975979326
3830403N18Rik	3.4023225272321014	3.4173446911043173	0.259786174385775
4732471J01Rik	4.954498170466131	2.1574804017952407	0.0564447117263593
4833439L19Rik	3.5766999996095006	2.2497732949567606	0.0411565100007906
4921530L18Rik	6.270382847185771	2.6133109454586814	0.235370951776581
4930453N24Rik	4.795935457587519	2.588149610990897	0.0668369068470373
4930455F23Rik	4.279129419587402	3.2152605712075344	0.1543241351755349
4930547N16Rik	5.60047923488831	2.7631419701872444	0.0323658397587291
4933412E12Rik	5.646883827236419	2.902681357467408	0.1752245028788219
5031425E22Rik	7.32680110450913	2.61411756194878	0.1111231938984494
5033411D12Rik	0.9443446319112034	3.159533005391024	0.1214566355712117
5730403B10Rik	4.7234856996134	3.8472323519371976	0.0802804367134163
5730559C18Rik	11.0112380451521	34.9325671289988	0.1172878353762403
5830415F09Rik	11.76281963224526	3.3427846920726885	0.1359716243971538
6030440G07Rik	11.175420193266849	3.0401071184373167	0.1261431940481691
6430548G04	4.120237914869279	2.315398412650486	0.0287062932980891
6530439I21	8.65008672200317	6.679620441507007	0.5310154147012897
6720463M24Rik	6.566374216238801	7.2213515277917635	0.2201565395130168
9130011E15Rik	7.339301534419981	3.5029768575299247	0.1262489980371164
9330133O14Rik	10.36081001064198	2.9525303898052004	0.1031539209175593
9330151L19Rik	5.2927566441771	3.658362282521945	0.316172802566658
9430091E24Rik	6.181227693727799	3.9509532677825314	0.0833519326012945
9930012K11Rik	0.7352766922609995	2.0108515222688186	0.36539809484091
A330032B11Rik	4.5113758040977	2.405961582405035	0.1129993532358354
A430107O13Rik	8.343078669615911	6.882159451211591	0.1381169073909846
AA465934	5.181680348068401	2.724243906881282	0.21637523186764
AF251705	9.1699361844121	2.288720620449913	0.1063341330950805
AI846148	2.1060035938334	5.118470869952964	0.1307600029647566
AY761184	7.10250787952198	2.2335673857650566	0.792082197465899
Abcg1	2.6221392396765992	5.03078517312621	0.2245292861520567
Abhd11	3.786139508299499	4.194387636161223	0.1729378143921295
Ablim2	3.6860179742894505	2.21169624272968	0.178381616284053
Acad10	11.16299871087433	2.4500414896660394	0.0791734207654825
Acadsb	7.209070824849521	3.919801281853093	0.1764606852302433
Acot4	6.564292816101402	5.026851742434254	0.1821244233703075
Acox2	4.145570994611999	2.8241694140345808	0.2971152709294919
Acpp	1.6175287349373697	1.8355262543325217	0.2464939652738619
Acta2	11.53972444992222	1.920377560388232	0.308660429455348
Actg2	10.22519766271514	2.224744231250656	0.6095327607820349
Actn1	11.67393867953868	2.44142261227842	0.100848288392604
Acvr1	11.670822455163387	2.1556761892568583	0.0300015753583494
Adam1a	2.8987225855707024	2.272493740965217	0.2090254647898919
Adat3	2.8294456651032007	2.7193820402535027	0.0716099834100608
Adck1	7.670527720600299	3.7313462863513855	0.1285140333941398
Adcy9	0.084710548525841	2.1168750932051705	0.1109541078805861
Adipoq	0.96155596797872	2.89484644686679	0.338362325069126
Adm	8.9873078674985	5.311659339415543	0.3760870243182178
Adrb3	9.01045924099774	12.74481835945238	0.5875252951589749
Aebp1	3.7047613914451	7.809535732830317	0.3823575566871211
Aes	3.555364641574501	2.583536439024426	0.1007713056996268
Afap1l1	7.793059073750999	7.660305539418938	0.0735433914848081
Agfg2	5.6524874573742	3.610777289880016	0.1965487349336913
Ahcyl2	5.02981453126144	4.286434036117331	0.1230123859838368
Aida	2.321361454003351	3.997762027932232	0.0902636537769639
Ak4	6.1989256519749	4.581900843244544	0.3547025212883631
Aktip	3.246555232532	3.002709207111636	0.0498489978441525
Aldh9a1	0.6996390144395992	5.087897853019944	0.0835094303069362
Aldob	0.9480520385349004	2.2159369697184483	0.1780577588283549
Alyref2	9.06649616937867	5.218821329478048	0.1724116189253059
Ambra1	11.552245926805702	3.4719664531888643	0.0786367132352713
Amd1	7.077735735201262	3.2110189879312285	0.0014828273168761
Amn	2.117719747398402	3.1946163671413275	0.1483548072397634
Amot	5.756251728214082	2.273626568365931	0.1371026846108969
Amz1	10.41054221487328	2.5213490639766105	0.1626764355356119
Anapc11	0.352347926925999	2.343972334114468	0.0800349298141246
Angel2	4.8387200134766	3.681339196191769	0.1021573241459008
Angptl4	1.477885496278141	1.5552809416404485	0.2367744235351749
Ankle1	8.930862714903029	2.333732126766181	0.0644680877210884
Ankrd16	10.048547109257978	6.372494043830378	0.1227717261253933
Ankrd54	4.861853593468799	2.4735958512837124	0.069918932092424
Anln	8.36957375753028	2.49777977889586	0.0745442616504082
Ano10	11.761049091435702	5.628434630893118	0.063581050259272
Ano6	11.345072162203358	2.731910785503535	0.304309310809117
Aoc2	1.9260966110411	9.780366619798968	0.4107073587994141
Aoc3	11.0918460964871	2.582562265412714	0.2445618930367019
Ap3s1	7.12695301805284	5.506253886256372	0.0777714411228066
Apbb1ip	7.624692503564502	2.459542956703408	0.1414370596921941
Apip	4.584061315105931	2.492476863239515	0.0552723565725458
Apoc1	7.04810270719204	2.405749944943518	0.388044494390697
Apoc4	10.3567343114668	2.43557094501192	0.166301675296673
Apol9a	2.3209323250173	1.6174286757824303	0.279167963435502
Apol9b	2.0993565954157987	1.7208661594965216	0.4691394570939309
Aqp1	7.211636107898297	1.84284507172457	0.242463791399775
Aqp11	8.579188152861551	4.683689219477064	0.1900155368783105
Aqp4	3.8655707901064926	4.428036790227669	0.2593508445376467
Arap2	4.612129806543081	3.73486814516763	0.0800119445336431
Arf3	8.353060547210047	2.4974751439341683	0.0370141319141573
Arhgap12	4.032711402240299	2.443342232458427	0.052419678863134
Arih1	0.3129009433123002	2.576013626534412	0.0568744216440198
Arl1	1.31887766892966	2.206887617887855	0.147250592711643
Arl4a	3.179588921326266	2.2664018639054984	0.0657467466283849
Arl5c	2.61927219449627	1.9921109951172853	0.202636283911634
Armc6	7.53859790489631	3.040230656833853	0.1238710221491577
Art2a-ps	5.315776308459501	3.14374791314266	0.336092785054507
Asb2	5.6514602006321	2.617007661932399	0.0568568823942116
Ass1	1.3347239986180188	3691.0119633364	0.1959342844604086
Asxl2	3.976977882965798	3.315967654787737	0.0790400232991836
Atg10	1.6738543262546006	2.235061944926528	0.186027444530573
Atox1	4.931332248613799	3.236319698462619	0.109736399165532
Atp6ap1	3.5476940025694006	3.5067704499555408	0.0516367768535314
Atp8b1	4.009942053748841	2.221502836217472	0.0593752074781675
Atpaf2	5.907460918436769	2.6421081047041723	0.080882073690997
B230118H07Rik	0.6824643296030706	7.068454389758499	0.1963689184668545
B2m	8.597572164657832	5.524892028430944	0.1509227695080185
B3galt5	1.258484787448019	2.3314163463908835	0.313640848648919
B3gnt7	1.1453036322727002	1.656651961602359	0.228114127808044
B4galt3	11.9218740800117	4.098277043604723	0.0750379641718155
BC003266	3.641460137215701	3.515390608740594	0.0671525656021387
BC013712	0.4906136033861898	2.164667329103562	0.131499799606539
BC021785	1.189394777557801	2.6088444019566337	0.1443734199230623
BC030307	4.346366665855701	2.2399298945440527	0.0516199671293549
BC031181	0.4013023902726012	7.679345140973456	0.0716841359698472
BC032203	1.431303767739701	2.157070882274593	0.048170918040533
BC037034	3.9754358428960974	3.123007699279273	0.078345655080126
BC052040	0.6887643452296999	6.408377150993895	0.4084765118786714
BC057022	11.990943685377918	7.062747696408207	0.0361661638165264
BC067068	2.3376903698006304	3.1680138551406727	0.182742389585982
BC090627	5.78450794775236	3.554628507451599	0.415791908144264
Bace1	10.10413919137802	3.6755065338243926	0.1134205620852792
Bace2	1.611585234535859	2.172758476821907	0.0993199168375846
Bag1	7.2409079082144	11.544343667271493	0.0863298295788173
Batf3	7.37860836177652	3.964894730950281	0.190393189162199
Bbip1	5.313601033077301	2.008637418216217	0.0474386392981611
Bcap31	2.206076512254402	3.0667062623679007	0.0892955884429614
Bcl2l12	5.5008831220821	2.276761500473473	0.119162764757165
Bcl7c	8.92668478047421	5.499696354549222	0.153692961910191
Bex1	3.64368061152952	23.013288864411017	0.2844992734927586
Bfar	2.622218559107001	2.005062173215258	0.0825365420162022
Bglap-rs1	11.0051278942846	2.617962375368212	0.1506402084784091
Bin1	0.5659162962022997	2.0449261686168896	0.204587610799949
Birc5	7.347738132106201	2.993920831877256	0.1677192000857545
Birc6	2.25128465366073	5.378710051452045	0.0585835624899929
Blcap	6.966194684584302	2.9714177601121627	0.0926559345762567
Blzf1	4.058097965559201	7.313615257446954	0.2162278312920009
Bmyc	8.781953676893458	2.8049513367837093	0.284487851819231
Bsg	5.1909053081573	4.6433204135676585	0.0960659831408336
Btbd7	1.492226792692562	2.277105709746907	0.208625770364914
Bub1b	6.2171194900141415	2.1661846987426427	0.140594179306242
Bysl	3.336465036973601	2.465766042375347	0.1190132386881198
C030018K13Rik	4.4145055305281	2.218758710508031	0.0945342062633982
C130050O18Rik	5.656251830559	2.90189156362268	0.1597218624180187
C1qtnf6	3.5348939493056	4.845869851953951	0.1455084976850087
C2cd2	0.5414404480690997	2.5817294802514583	0.1369458616175725
C2cd4b	1.0807380042264292	2.8540176290691	0.41184201875729
C3	0.0004071078865592	7.148820029761565	0.4158152979065198
C4bp-ps1	0.7375517769736017	1.2696812391248602	0.206969831195375
C78339	6.2252314627131895	2.461744481190101	0.055805742262356
Cabyr	0.9622806959062	8.244765136825318	0.1717157617422361
Calcb	8.13871242828928	2.761238139177663	0.0739886909084761
Calml4	11.362715319731382	2.400048861390697	0.0411679805296355
Cand1	2.863343659327272	2.0815530737985064	0.0668664811308753
Capn12	4.706506230836402	5.570725448900358	0.1214937490932736
Car13	9.8235654052584	2.5131411313610874	0.0982524250989975
Card14	7.0172202718291	2.3495681431673194	0.2284989554853179
Card6	9.2925099116877	4.535747685693774	0.1307883431644794
Cars	0.3226148986944404	3.689840700024209	0.1685558939905158
Casp6	5.811079142289133	2.0970057319297903	0.112283006428952
Casp8ap2	9.388725282632487	3.1814581454432984	0.0448017277855481
Ccdc14	2.9940706717825503	5.612495711381845	0.0998419405790687
Ccdc15	5.0151527429216	2.9110578608351534	0.0152405815194201
Ccdc151	2.877997220792599	2.396465958312481	0.1814440355816479
Ccdc153	7.493899456408439	2.436777617384661	0.0464076316682151
Ccdc34	4.30780893078876	3.451075237920544	0.261789335457813
Ccdc51	8.91531261623343	3.536328277354477	0.0856820091287881
Ccdc72	10.601112796378974	4.791445076746101	0.1189591085181378
Ccdc80	1.9681229255131605	9.507084381973677	0.4280182692025341
Ccni	2.449744365468101	2.722501966556843	0.1142675223214719
Ccnl2	0.8957461588871016	2.151593409152428	0.2075020567391489
Ccr4	6.765860747933637	13.098028477772502	0.3439652903754733
Cd99l2	5.2268815332726	14.07276511860191	0.2298659635990418
Cdc37l1	0.5677125737369	3.651522147130329	0.2305297752714937
Cdc45	6.36354635980512	4.51147934337132	0.2382239445048559
Cdc6	8.0889300510909	2.330408075066798	0.0659009230831721
Cdca2	6.323982403037281	2.3185480211235405	0.0823666323438225
Cdca5	9.00638554916748	7.227937664795553	0.2875724944653788
Cdk18	0.8888557127280006	2.0058475100762743	0.1017981117618369
Cdk2ap2	2.7286053520998	3.748052300931159	0.0775779166794786
Cdkn1c	0.1064888426632286	2.3375793134932	0.1204254500966649
Cdkn3	8.574992305343772	2.4909160276616045	0.2335461860157789
Cdon	8.687309814942068	6.846744114916866	0.1389182410852932
Cds2	4.523321365276598	3.461821296634765	0.0622841681670007
Celsr1	5.77039997044969	3.2218520760047893	0.1394418376950533
Cenpa	6.53431773994313	1.9206340077763424	0.206828813083033
Cenpf	7.46858446425019	2.152160955529666	0.0302495939817553
Cenpm	4.104306490868851	2.9537738303588785	0.207026530466929
Cenpp	7.574371291019149	3.561556158443815	0.0742695225379227
Cenpt	1.232591538251098	3.4957979514015136	0.1607831020459741
Cenpv	5.24455079312568	2.1552423942544974	0.053713241927177
Cep192	5.58579546426457	7.971496002378601	0.0993750736325614
Cep76	3.48736553179316	2.121624040147899	0.16478003806588
Ces2a	0.1765671437708	2.2115373994335767	0.18052195675992
Cfd	0.5928521347359803	1.8889813458932785	0.283743689056337
Chchd2	8.08446925525517	3.805013291735009	0.1282156524851307
Chchd6	7.382393035832754	2.310655056319845	0.19725698994208
Chd2	6.89789975553246	3.701000631752297	0.1101291033742735
Chkb	1.4204800494314984	2.077902533294969	0.129078538999587
Chmp3	7.246448138420671	41.28692779303106	0.0268829408228239
Chrnb4	10.92439938775127	12.492174886964046	0.1859020473788064
Ciita	3.103173039677923	2.8170370243216936	0.1708340478432015
Ckap4	6.47150770773758	3.630638107696009	0.1085146446386143
Ckb	5.3946591493976985	2.2331244535816146	0.347767163667729
Ckm	8.803798272731862	3.1683713733047623	0.1011259799508764
Clca4	11.037030736264038	2.006974798074615	0.155945727262287
Cldn23	10.616236230153902	3.4843547894149385	0.0757848270826321
Cldn5	6.127402416031	2.207044200295948	0.180218720297093
Cldn8	1.21383983055243	2.1216097426600737	0.1688298005116139
Clec7a	0.9124355462127998	4.035111252416172	0.2384919047916193
Clic6	10.5619838367085	2.459773729447572	0.1335064446953581
Clk2	0.3836075480497012	2.157234476411887	0.151595922772379
Clpb	1.3858899518365302	2.979539117164509	0.1150794047368214
Clspn	8.830636064577979	2.50555139895452	0.059894168340823
Clu	4.20825552067616	9.677890120431403	0.8228247161855045
Cmpk1	8.03048973431332	7.019979787056384	0.1166078418368492
Cnbp	7.788029074510601	2.878857731679349	0.0346734277904224
Cndp2	4.551915919289	3.3196409193781915	0.1178285012483322
Cnn1	8.63989640260035	3.2996669037440127	0.8390649946851829
Cnnm2	1.8446367637844008	2.5180005175765263	0.198087246025774
Cnot4	10.712080041717911	4.718275450586737	0.0458384166326059
Cnpy1	3.450329038940902	4.262186855271448	0.2565838942686109
Cntrob	9.7352059944063	3.671646995882883	0.0953561070834199
Col20a1	11.81444970447359	2.439596887817596	0.1195424623926463
Col8a1	3.9723893571894	11.949947191941735	0.3644666693083528
Cox19	4.1983877631087	2.5714200917265697	0.0858066758355835
Cox7c	2.260298753712	2.2915689737372738	0.0995217962555217
Cox8b	2.3927620989488902	9.777045171097551	0.969599657892494
Cp	0.1488924217964999	2.321808066153157	0.1031631361771442
Cpne1	8.075089422670098	2.714503070585844	0.0487008212229587
Cps1	3.0667049167358584	2.448266450585978	0.265554380159266
Crct1	0.9800994383497006	3.4317634619945903	0.3201768648582119
Cript	9.93273148695542	2.680702067918977	0.1132419840543067
Crlf2	2.8107544723203013	2.360002133926716	0.058662933639567
Crtc2	7.943223967430701	2.242755255942253	0.0593250391640684
Csad	7.185984050174561	2.162209254552544	0.1138156162535776
Csf1r	2.4970629660736208	2.136414318416401	0.116070169598252
Csnk1g2	5.994681297255159	2.5921534388446243	0.0165219195130812
Cst6	1.5202692066988988	3.299069085512278	0.0704494986714227
Ctnnbip1	6.0780413967004	3.4930409146244705	0.1359851375936233
Ctps	10.354362307988971	2.4657563626196404	0.1054146065650709
Ctsc	4.25907977815829	2.1740143230731825	0.1127834310363804
Ctss	11.524927596192438	9.43541720573912	0.1052100456262458
Cul4a	9.902538443738033	2.621968081057552	0.0731051171073794
Cxcl1	8.21833978620718	2.0239887266015035	0.0410295714816047
Cyb5r1	3.4714191559931	2.858622745702794	0.0918436889129405
Cyb5r3	8.398574850597699	2.3536625623121465	0.0668024289733489
Cybasc3	6.504508602993802	4.2062990759243535	0.1070361362818274
Cybb	4.885769961822611	3.160245377592806	0.1968505720099358
Cyfip1	7.339734596327741	3.066203830214131	0.0287354441767358
Cyp2b10	4.325892844608099	2.145974495997823	0.379714192815449
Cyp2j6	1.6098144531052991	3.4787705452885533	0.1379946961017426
Cyp3a13	0.9895965753363996	2.2995037140894925	0.171456323302734
Cyp4v3	4.7210461883805	6.3342498611432925	0.2621912059541429
Cyth3	4.12759068084338	2.229253671989288	0.0692251925053179
D14Ertd668e	8.012476257480728	2.379609169837246	0.1557611339585909
D2Ertd750e	7.621484478792888	2.512188513975969	0.2089508312237679
D730040F13Rik	2.070917415257401	2.075660802832041	0.0979882036158392
D830030K20Rik	11.8232798984372	1.966094997644089	0.2355465335548469
D8Ertd738e	6.226389329796099	5.153194132445464	0.0419695728062295
Dagla	1.8689830497001017	2.388786569736345	0.0435265201926587
Dapk3	0.3608783814837988	2.12618485498125	0.0701576278537361
Daxx	3.7124983037268	2.39560812605477	0.0249711821251162
Dcaf7	3.7278360455194703	2.357506235467332	0.0626632454248366
Dcst1	4.368570666267599	2.23967980423433	0.204035754648789
Dcun1d2	6.04730914203663	2.1489263222331605	0.0868245378287237
Ddx11	7.506091247106751	2.707648863716968	0.041596367150285
Ddx55	0.1259792043871996	5.764027950882968	0.0865871506487754
Ddx60	6.147206626082799	3.059734838138888	0.1394779071966853
Defa-rs1	6.0099427699391015	2.40880298375261	0.7659662783441149
Defa3	6.072755972833512	2.021023137618099	0.747046358223802
Defb37	5.192936671827701	2.3913700580883592	0.235443799404949
Defb40	6.05621641725989	1.6119942414248134	0.286734941697449
Des	11.02398663182358	1.6415656838574744	0.2339816331531079
Dgat1	5.491808939966409	3.409315463514828	0.1574005216813361
Dgke	0.1519573253430977	2.162566003319796	0.0489255421933635
Dhfr	1.8322363262210697	2.1933805294521243	0.1653282408868429
Dhrs11	5.709210479652599	2.8138386136363462	0.0606965077948042
Dhx32	5.991983660776372	4.079326110369623	0.1153245345100043
Dhx9	1.96505499100889	7.153668798220303	0.2467552332556035
Dis3l	2.42907050595766	2.192065004741173	0.0508771689592158
Dlgap5	6.438636532856031	2.16672580348499	0.1538625707123919
Dll4	7.123767581251499	4.239197576733182	0.1667368172300858
Dmtf1	4.680759896104	3.1223625767786576	0.1078442281694345
Dnajc13	3.1927217917842405	2.28643111782762	0.0563378314537502
Dnajc17	2.2226833142592	2.03211977182303	0.113055344861493
Dopey1	11.447726716369573	2.436584151586862	0.0547092000854431
Dpp9	11.23761974473209	3.0626623058714704	0.0436838288676824
Dtd1	10.51964109663955	6.429137686516484	0.242716131394376
Duoxa1	11.361751496454	3.2766723283532566	0.345031897432989
Dusp5	5.959919364734061	3.5331063946819445	0.329635012700634
Dut	4.887995480704699	5.427814239131046	0.3512629749821344
E030010A14Rik	0.9580913102406008	1.4250455222095544	0.2413070243580449
E130308A19Rik	4.646866190601001	15.170461623249706	0.1788610203431613
E130310I04Rik	10.54490057651255	2.5591400575178493	0.163983973173188
E2f1	1.09069801284293	3.179227456803672	0.0754056482807389
E330009J07Rik	5.50140839849408	2.17610616620032	0.051588403948293
E330033B04Rik	8.7172850877688	2.6675173592243056	0.0557386229910073
E4f1	1.1401160372236987	2.7150612956199267	0.0954415438361207
Echdc1	4.759470679235239	2.4229422850623914	0.147077137906678
Ecscr	2.327210730068039	2.118286264566456	0.143465324253523
Efha1	6.1436997857111	10.32006010410425	0.0779934578220052
Egfl7	1.1262709717738026	2.369696091928362	0.1171431776603739
Egfr	6.155684630779199	2.4954798078409355	0.1152453848872029
Eif2s2	4.34087892026497	2.31775694654192	0.187347827342025
Eif4ebp2	2.0240199658318003	5.921930873895779	0.1487108317525649
Eif4g3	5.94162372022943	4.349092899042787	0.0894464205941384
Elk1	10.637028547372529	2.374124229301358	0.0362741504251319
Eln	6.84116857244139	6.494271621112185	0.629060221638453
Emb	2.58389020918266	3.531961159948906	0.1100437226231187
Entpd5	0.7943656818190998	3.76442554282864	0.1460367663665105
Eps15	0.4549116144929002	3.74880936831223	0.0695996840482426
Erbb2ip	6.975630810487269	3.197145369595938	0.0806109466237937
Erc2	0.6795176389185009	2.074001658690272	0.0874246322992595
Ercc4	6.416142717253601	4.050289731820381	0.1255132773415836
Ergic2	5.2642691828424	10.217167653590522	0.1495425153380844
Ergic3	4.5980710770298	3.255163248970437	0.068632270541501
Exoc5	4.6965804461951	5.770975233410312	0.0830804265872159
Expi	7.384743895797303	1.875289842044404	0.259919646186649
Extl3	2.299906260783999	2.0106545963963085	0.076002937399309
F830016B08Rik	3.9507887603557	2.7648605894156466	0.4651827706483269
Fabp1	1.8283311360594805	9.692721257407252	0.6446894913481879
Fads2	4.10471646662835	4.700274000950857	0.3063654132816215
Fam110c	1.224485037891398	2.008853365133024	0.1110378541765469
Fam113b	10.21691051966285	2.240151640157847	0.127348392107345
Fam116a	0.85428195973493	2.742614520180629	0.0671667918508981
Fam116b	6.350344756254499	2.0153174597393098	0.103995937442601
Fam122a	2.4688827923656014	2.124133842910952	0.123966718107137
Fam126b	4.596919338346	8.154059342068143	0.2250778070444486
Fam129a	11.53342549537967	4.687776562729178	0.379121152215729
Fam133b	3.675312709606698	2.267126792218068	0.0946931338468489
Fam13b	3.0741882762169013	2.177836288529499	0.0543371589815945
Fam158a	1.66758258556864	4.7829742990638255	0.1457641073811431
Fam172a	2.8508884986136405	3.3490147252177795	0.1098892407276151
Fam173b	9.31187432960942	2.741552042686872	0.1019043622351273
Fam54a	5.7473914520171405	6.069586682002691	0.0390394832571375
Fam83d	2.91258579762982	2.147944065280558	0.173797385269847
Fam98c	1.8601765971707	2.091198430386381	0.1216976194273589
Fan1	6.862891857006819	3.4620406941006583	0.074179206078371
Far1	6.3597764048985495	2.077085977576383	0.0863920017859084
Fasl	1.4372197568722402	2.161875169992683	0.170665248851674
Fau	3.6532916578003007	2.1351479352374283	0.0781071217604263
Fbln2	10.0154097631395	5.261635779081141	0.3708966065013861
Fbxo32	0.2398553906438003	2.700066896040662	0.289561024071998
Fcgr3	10.49967851124187	2.7766319690965364	0.076725689640527
Fgfr1op2	4.175723021569098	4.931390587619249	0.0599828700925463
Fhit	1.052467771629301	2.22623036387999	0.170796151511886
Fis1	3.8294643810992977	2.2039995220798825	0.095692063605077
Fiz1	5.53176594757391	2.033273935743752	0.0480217661153473
Fkbp1a	11.5491628644001	2.262194074147102	0.0555241477189233
Fli1	0.4000444163019985	16.650260245672005	0.0891721702633035
Fmnl3	0.0155313491287003	2.008451175212978	0.0751642872113928
Fn1	10.2744680392112	2.2489673912437524	0.294349162977099
Fntb	1.8498270005106008	3.323666409842272	0.1075999303730839
Foxm1	4.462326039362392	2.174783037858374	0.0955647302165478
Fpgt	11.267841544073027	3.515396703214613	0.0577956279566122
Fuz	4.41004982677983	3.541217821845106	0.1521730476602596
Fxyd6	4.723594793531664	4.4609997528950585	0.4274401676422049
Gabarap	5.060256388324298	2.318292622188734	0.0671997764602742
Gabarapl2	3.6583246341654014	3.3482067524375214	0.1055503229536281
Galm	4.317564283633768	2.373908579082053	0.0710334663446179
Galnt2	2.69245648274169	6.886504798203258	0.1749158492862496
Gata4	10.089626910387402	2.0262609172980945	0.139087968815554
Gatad1	0.8559411694178003	2.545419421958918	0.052812178118613
Gbp3	11.44328034129932	4.153131432588725	0.143956982493093
Gbp8	4.378848515899499	9.308347311804518	0.4113867644193661
Gbp9	0.3476584520160006	12.889460980042257	0.2929194275846836
Gcat	1.4954277120287998	2.197553937131072	0.0610915936574199
Gdi2	5.708671125749801	2.203582061229024	0.0361490004717198
Ggh	8.081259970972638	2.1369043751036623	0.1080415103081532
Gimap6	10.3129087185986	2.6582949087702423	0.0656377544181548
Gip	0.7807171937527997	2.396365053751049	0.197481486902784
Gjb1	0.7907876894195596	2.937821112454924	0.1338779561948876
Gjc1	9.643202248047432	2.190887239653017	0.0914844932651526
Glb1l	1.514496176388299	2.085109732388577	0.084270066464817
Glt8d1	3.9943875831275992	3.2813885471316966	0.1020943913366285
Glud1	1.0065582904833992	2.349734607003565	0.39308016590946
Gm10033	0.7175846156804297	2.063556228003896	0.0371630556957696
Gm10104	8.920905396200713	6.851920864379637	0.752196750092856
Gm10433	0.8259488493451013	3.911714848055048	0.1888635146667366
Gm10804	4.9504314781564	95.34389169218126	0.1242237747315486
Gm11062	5.812752094615881	1.495765818695902	0.5058482432246698
Gm11127	3.8062954046592985	2.2815152750648564	0.190326473977955
Gm11166	1.3134567087576006	2.814852684667126	0.213830770280411
Gm1123	3.74412727228491	2.4689776734852447	0.0373174063322174
Gm12250	1.0497346803505998	2.1364285395807427	0.153642796470744
Gm13476	4.359033597153911	2.6532826457102714	0.0832402998110792
Gm13807	0.0864037874549978	2.882741348511804	0.1843152403297852
Gm15471	0.291678026825501	4.435734975518987	0.2021196453348427
Gm16861	0.1192652866451986	1.975543468686856	0.2655094139144129
Gm16982	6.846718919432149	2.975803561216752	0.0759199678979627
Gm19710	1.8871813191130984	20.430690964686043	0.2150677915745051
Gm20300	5.052349186418201	2.7922029142165785	0.041209122507263
Gm3219	0.4365481251267997	1.4131467991420343	0.223615072923327
Gm5105	4.0240665049659015	4.871343032730879	0.3402380555060342
Gm5485	7.556423305828353	3.613555055972123	0.364484331960192
Gm5506	1.4407256488074012	2.050898819078162	0.166889864893486
Gm5741	1.4128889604809496	5.805446697214584	0.2413467890408641
Gm5801	7.122194268830018	2.9310119966875625	0.059597658020542
Gm5901	1.0095421634657455	3.4426587559245574	0.1694214981455317
Gm5918	7.624545666994262	8.438548985998377	0.1400068145085778
Gm6034	8.35675043557017	3.96757274945699	0.23280731003434
Gm609	1.689082299869348	3.3010596547420112	0.2302803044092579
Gm6313	4.474910907828601	3.934556464536173	0.1366111249562067
Gm6484	3.0215159617342007	3.761590997139225	0.3716970089347329
Gm6907	4.9271774632852985	2.000432974647788	0.242787295838288
Gm7334	11.49444773924944	2.3648530778388066	0.0980145841136044
Gm7609	7.333256775201672	2.124827893282233	0.162657909178041
Gm9320	1.9817729577335008	3.918528935703815	0.260336026354317
Gm9895	0.1829471827998006	1.9815707117547696	0.2376677306861329
Gmnn	5.5186581394527	2.50887333157576	0.0567627198515733
Gmppb	1.2845780554172013	2.7975310538249425	0.102448614368031
Gnaq	11.230718357594178	2.144231809179104	0.0521006713073474
Gnb5	4.7116082248697	2.291069078925252	0.094441184276234
Gng5	10.04531691876479	3.900469040245427	0.1184199203088384
Gnl3l	5.71699732329405	2.416028782776165	0.0581219314300214
Gnpda1	3.818559334799529	3.987180582779169	0.1383967775846689
Golga3	1.7164544771980133	2.834764117876029	0.0877080871389225
Gpr107	0.0174920833282996	6.065997887486416	0.0773348120553415
Gpr55	8.299494127783449	2.047377615664092	0.2093130685386
Gpr56	6.420877136961639	8.348427786386152	0.1470993227239135
Gpr82	7.76830656842278	4.524969465968417	0.0282508510924239
Gprasp1	7.73635742150305	3.543913973992145	0.1436763256465172
Gpsm3	8.59083173413466	2.127547902116386	0.0502210995414141
Gpx2-ps1	2.769802759568851	18.98861729235009	0.1069984368487769
Gpx4	1.402635866417901	2.644598978858025	0.1098885653690212
Gramd3	1.9368523381799	4.289901860058855	0.1179643566360763
Grcc10	4.240540494344831	2.0805257019837087	0.0307557088421305
Grina	0.2161143211185994	3.840949271942321	0.2049397321535268
Grtp1	9.08756181752992	2.104240814142768	0.0389519877098429
Gsr	10.44203220864924	2.726644208706849	0.1189632896323513
Gstm1	3.2919990970381185	3.052598827733933	0.1546592179748672
Gstm7	1.6649109228743004	3.4969514183279347	0.336082351601211
Gtf3c2	8.015972373447301	2.400297112415616	0.0251204439048504
Gtf3c6	1.6111748744505014	2.45162850094144	0.0787170147272331
Guca1a	1.41249521725869	3.87203127154578	0.1871564041767867
Gusb	6.68705835076466	2.146177281623818	0.113471084453807
H2-Bl	1.002443260230601	4.165462748794084	0.2894273828229265
H2-K1	2.9252544203729016	4.676702506540961	0.1467265308420305
H2-Q1	3.381962142952201	3.2908304386230167	0.1774877990181694
H2-Q4	8.802000694503802	2.2571524239992584	0.0745371551754615
H2-Q7	6.9610877288652375	7.896371488330653	0.1868844447252199
H2-Q8	2.4523959436887	2.398324416536092	0.1126687390298489
H2-T23	7.558567399135999	3.447457453469912	0.0664739181612319
H2afj	1.0481249986784	2.3673014521724003	0.0817237080915677
Habp2	9.68169421666163	7.441450952967487	0.4906490442448397
Hand2	1.17915179293038	6.906878123333367	0.0931521375625338
Hap1	1.9783478694160013	2.099250331930632	0.1561848946175239
Haus8	9.06085339418575	6.750030929958091	0.1714570308907788
Havcr2	0.1505541101207015	2.032399289380883	0.0571290624426151
Hbs1l	3.0018735997380794	3.9611799970117088	0.0402201250614785
Hbxip	5.92799685322721	2.224116672619989	0.0371726499774364
Hddc3	9.46404956336986	2.1556780939744784	0.1619126733927169
Hdgfrp2	11.56969568011927	4.255706279254495	0.1222097916228028
Hdhd2	7.8785457971702915	2.517013414370316	0.0888464039041246
Herc1	6.85930708031438	3.3977983998391683	0.0919347051435324
Hic1	1.250413208626501	2.1317135992827088	0.1161025932182009
Hilpda	0.6992204755805407	1.983332698730569	0.237079871690801
Hist1h1a	8.278108559241	27.036594213878075	0.5243234281581529
Hist1h1b	0.1674317020386002	8.427274945128561	0.2593739500366483
Hist1h1e	10.4193481882234	177.97256358337077	0.1564349207812962
Hist1h2ae	1.236486068011299	4.476089454741018	0.1654107173063184
Hist1h2ag	1.5558438047210004	3.797538910729197	0.2753051797815132
Hist1h2bc	1.7903861849076002	2.204777433906479	0.1761370137434489
Hist1h2bm	6.977668898454899	1.973790362530076	0.208047150347207
Hist1h3a	1.0492712436664997	3.5622622349439004	0.1995925840280923
Hist1h3d	1.781987715246851	14.432475481648629	0.3176460357549062
Hist2h2ac	0.7722549658560993	2.120783272802308	0.1854748568218999
Hist2h2bb	1.7927500597436996	25.20566517752441	1.3628849642127931
Hist2h4	5.654128052516901	7.732531245324161	0.6646904931127147
Hist3h2bb-ps	11.64924686641373	3.50475407838916	0.1046034163724724
Hmgn1	1.8553267611844504	4.648596404401459	0.2199134517397332
Hnrnph2	11.42712900585415	3.872215207975482	0.0331786099139102
Hoxc5	0.0156689457433998	2.01126506186372	0.0932629587815576
Hp	2.66184019569333	3.34136868441383	0.440098685717964
Hpca	11.66910737319255	3.990263893965146	0.1463298597040047
Hpgd	1.0968882092687	2.763644867638173	0.267508024619193
Hpgds	7.140255566941688	2.338788697762949	0.161628790928028
Hprt	2.9720629039466004	2.670142944665524	0.0922318838153039
Hs3st1	3.4213601951645902	3.398024471228489	0.39734640000404
Hsd3b2	10.923063940063429	3.4669555871506628	0.414709023163346
Hspa1a	3.782761977108402	1.5928857583729763	0.379911722369598
Hspb6	5.13910913049961	1.760514676899535	0.215778378445144
Hspb8	9.57975142793271	4.263523047067399	0.3154355562646986
Htr2b	3.47779368111452	21.36670733959137	0.0358043804353198
Htt	1.8800109319457008	2.3344954068538364	0.051784639270489
Hyal1	2.5816026217830004	1.777075851679513	0.272606866435553
I830012O16Rik	4.9909493118356	6.285479759202433	0.3792201312336914
Ifi203	9.836434414229933	4.519534561171105	0.1988666072605182
Ifi35	0.1396196182981981	3.00327832006566	0.1540087008131771
Ifi47	6.404196930548249	3.784972614453894	0.1781405648029757
Ifit1	3.7257597410274	2.463576803655567	0.2220951443683609
Ifit3	9.78589734753511	5.65648314347543	0.1627062308528989
Ifrd2	0.5080688373429005	3.003276484681211	0.215682364154272
Igtp	8.651420693502798	3.086051433072665	0.223751513809662
Iigp1	10.23993700822162	2.650426267736443	0.1794734936780579
Il10ra	2.7757590448156897	3.323376655920752	0.1300833205195787
Il12rb1	2.815674200454101	2.633317719961202	0.1302159283669439
Impa1	9.47739503968103	5.149871107204094	0.0742860338132397
Impa2	8.71616841977233	6.486384005580173	0.2384375010395433
Inmt	2.89715152840232	7.65038406535884	0.388200032392778
Inpp5e	8.776619244808922	3.164406050118161	0.1022355972795412
Ints10	5.113293212950829	2.8587848696866063	0.1135959815587789
Ipo4	9.0071943475085	2.026454461215527	0.0692028745631922
Iqgap3	6.427557205786719	2.0538584966981017	0.0520820027418672
Irak2	11.2672259107626	3.869771345953456	0.1308047010343904
Irf1	3.3152011150212	7.37997842514655	0.1332594195618198
Irgm2	11.617973950273347	4.943140946007318	0.1779923871874988
Itgam	6.975834858791991	3.615395929219191	0.335919694869141
Itpripl2	4.478726882177199	3.208117295746664	0.0911390703375755
Jrkl	4.0024939752825	6.062179126335305	0.1570950950276338
Kcnj13	0.8995892817744302	2.6102235217291097	0.285267861081494
Kctd4	9.505611781343848	2.597687843532064	0.0074271857048159
Kdsr	4.08720618159118	2.9534895770163523	0.0644647962984761
Kif20a	1.2458773956319602	2.6935133067677786	0.1614533201081909
Kif23	3.21805590897012	3.1039569873036688	0.2720701957581509
Kifc1	2.6731192574018303	2.512137856906957	0.10589410751755
Kifc5b	7.832331115981519	5.149432501892217	0.0624938853727468
Klc3	10.284940734259742	8.28008374631893	0.263949952527525
Klf5	7.68386573862128	3.369534920935253	0.1528368524621005
Klhdc9	6.55446624114949	3.3520853291528314	0.1762903182625874
Klrb1a	0.1510186285356027	4.037993900671639	0.378880478500901
LOC100504703	4.488295607523099	2.108782691041001	0.1388774138794269
LOC106740	2.3672922422185003	2.149821376368256	0.2039643163929139
Lamp1	2.3132865773631	2.4027256164693247	0.0883071737018676
Lass4	5.35496718198079	3.5721670952914137	0.1735727431856891
Lass6	5.320048032465071	2.838519033960651	0.0839079626217146
Ldhb	11.45928627750548	6.571240744590224	0.385950175332412
Ldhd	3.57815006744389	2.945465962174176	0.22552256575453
Leap2	8.25280270148366	2.019699217193625	0.1718441724283729
Letm2	3.897948618922701	3.2867536937588504	0.1422404856869082
Lgals1	10.09493035695993	3.5814457203472694	0.1830905640098162
Lgals12	0.6289330507018889	3.7438653699367817	0.226680220840022
Lig4	9.535344433318802	4.99462903987479	0.19077069781873
Lin54	4.531992396182902	7.448271713826281	0.1181798860150348
Lingo4	2.291743952359603	1.856496312018672	0.2490649939667329
Lipg	10.580448966649392	3.1062622101629374	0.0718077586227491
Lman1	7.556639887159699	73.1972200970539	0.2119080156729281
Lman2l	1.1311930391745015	2.29043252703726	0.154221681960424
Lmnb1	6.38591257010842	3.006740230400578	0.1632845242008649
Lmod1	10.63221912683677	2.4208022851434112	0.139090434658138
Lpar3	2.0200339226617	1.4657600601235	0.265368484825769
Lpp	1.9123547065747888	2.24433983666483	0.0438871005071528
Lrch1	10.43786484210597	5.955974330995477	0.1378881865220821
Lrg1	3.162087513304698	1.542728053561656	0.240898370494889
Lrpap1	0.5767697724447505	2.061677402744848	0.0830409277262263
Lrrc16a	10.06371461229462	2.2390778811623178	0.0449424300635956
Lrrc25	3.025678044069789	36.17056101801163	0.2626796047054121
Lrrc59	2.448298258430359	2.8009278308364625	0.039021013923188
Luc7l	1.2406754121057997	2.216927579466172	0.086116822919317
Lum	1.6290573003131996	4.949723404591542	0.2712135315200304
Ly6c2	1.391726770833682	2.8336120956204205	0.190034460724852
Ly9	5.456470383568998	2.596686143151524	0.0623900593938132
Lyn	5.448608635148361	2.590849725388863	0.1312320458797614
Lyz2	2.20407144440008	2.679554387765536	0.174880949541708
Lzts2	11.45382046864103	13.09327357791616	0.1177970081675683
Mab21l2	4.648194876684158	4.859343941925177	0.2151104060755505
Macrod1	0.6835459599061	3.096227493843718	0.1192297305170651
Maob	11.27500281003103	2.0214588269973346	0.326000004427279
Map3k7	0.089342318470243	2.493472423924782	0.0570521109726432
Map4k2	0.9571140188218016	4.237420473628987	0.1600264116814988
Map4k5	2.058978223265301	2.423475176574414	0.161017897306508
Marcks	1.53056273624831	2.645771702419664	0.324657178783074
Mars2	4.920680160424849	2.2387775486442845	0.0421830161292263
Mbd1	5.2124494967922494	2.190893504726397	0.0327910290660165
Mbl2	4.71344746413201	1.87974970597126	0.2913460173576759
Mboat1	11.50654787072209	2.3512477648384054	0.1190492254579966
Mccc1	0.4764556528406505	5.030433254714487	0.0742849883801522
Mcm3ap	5.0002969276913	4.259041634087227	0.0822594388812106
Mcts2	8.02434389002589	4.0145569524764015	0.057411673035691
Mdh1	9.02339138605588	4.177644286505557	0.1008004149373144
Mdm4	1.7669256654961991	2.076118041380263	0.124803149276053
Med1	5.252915288185498	3.5686679123424705	0.0595715864771504
Med13	11.5096589243595	4.062983139046851	0.0937667817161973
Med23	0.0846470244474189	3.1778592712842086	0.1077503575941296
Med31	3.1480464687344	2.1480950613428926	0.2268055659723999
Mettl10	0.7503127544879398	3.0578217328279944	0.1354699383877549
Mettl9	6.3351813097713	4.288761864324273	0.0701635715867554
Mfsd7b	8.58444647391421	5.530920853699898	0.327603697372673
Mgat1	1.2901790767500998	5.734802050162678	0.0704717707573614
Mgat4b	5.515715078502499	2.4637421864493425	0.0935657661446024
Mgat5	8.367206232834109	7.302913526221958	0.216787674945986
Mgp	6.437525417977092	2.8169134964175635	0.6783398168396169
Mid1	3.849114883170063	2.2312883921061126	0.2393917112298249
Mier1	1.3446220765462016	2.8384923945204896	0.0649839627420038
Minos1	3.6085422698582015	2.501119958160397	0.038269471658342
Mir215	3.048999174330099	2.800824662569916	0.1511990778715041
Mir3064	10.974690804031871	2.418895334065833	0.48062207087721
Mir5107	8.021279652038942	1.7733565022139854	0.3260129511179829
Mis18bp1	6.31500181450987	2.6431394459715283	0.0611764554665729
Mlkl	0.6630441950539989	2.3381997771087684	0.0772243200609432
Mlxipl	5.87333017040795	2.172122783877376	0.203209322590715
Mmaa	2.5128874085453994	2.290777224752599	0.1582839138221359
Mme	0.2795657342906992	1.5452325485689131	0.212233673528091
Mmp14	2.79054080469986	8.245173909033275	0.1791737834283698
Mmp23	3.911388411356501	2.387608592963668	0.1752982022941099
Mmp28	6.912032525808354	10.112705105935031	0.3860937135065505
Moap1	1.2932179202535004	1.669690903999539	0.327748870157043
Mob1b	1.388585374040499	2.050221322346711	0.0662203714447503
Mosc2	6.554056569959041	6.752118217864921	0.0714915515038279
Mpeg1	1.686374812947669	2.6055734259023207	0.145507292150459
Mprip	5.5044537440835	2.079694749699285	0.0463798700011642
Mrap	0.5927433531286592	5.473500236898989	0.1867127044604847
Mre11a	2.9322988802546	2.128358588230312	0.0316820130609881
Mrpl19	0.7447614903472801	2.289409293007137	0.1204495220237454
Mrpl20	5.119634643722611	3.1573914923393613	0.048783281726094
Mrpl21	3.82626512955442	2.6586359550553413	0.1212378328650334
Mrpl34	0.2119052927779012	2.140578827163006	0.046198810135228
Mrpl54	5.432653481545401	5.245382538565064	0.0793254085311282
Ms4a10	1.0467484967199	4.414112428125032	0.348332301628132
Ms4a7	6.19469978230315	2.377998120418807	0.187762567814496
Msln	0.2942163680914991	29.967165464665275	0.4218301005244413
Msn	3.933210538062049	2.2185366196172507	0.0710216967589358
Mtg1	1.1622462208251902	2.507453572349382	0.199161489080114
Mtmr7	1.4481258051322	2.32328620860787	0.157346916286078
Mtmr9	3.221307352491298	4.087391485770706	0.1217316832683673
Mtrf1	4.714867560604335	2.4892960471870045	0.1550233580877389
Muc20	1.0827406322950566	4.6186101501090615	0.2574734952302638
Muc4	0.0580140953386241	5.025104801571357	0.2923856504370666
Myeov2	1.2433946199776995	2.233031304728845	0.0750890749631635
Myh11	10.468099267354251	2.968309217498451	0.7073695288674311
Myl6b	7.539140076539198	2.6643069762757485	0.0803811209900833
Myl9	11.28887564697378	2.2427733174830022	0.381512503670835
Myo1b	4.6043861047178005	6.789648418089196	0.1724245210082599
Myo1f	2.6771852111746988	6.853247450816125	0.1751098321502987
Myo6	2.71302898744484	3.060176572183986	0.1066965225218232
Myo7a	0.023960642807097	2.767703119930539	0.0945102456940576
Naa38	0.6397188180344013	2.0456570102798564	0.081710057144623
Nanp	0.0577820378970983	6.386767206911228	0.2011004311842935
Nat14	9.93672172118438	2.155333110475504	0.1109215975976112
Nbas	0.6701534695603002	2.128426227137308	0.11806903639057
Ncapg	9.88940357932592	3.178184082160318	0.1806011492560613
Ncapg2	11.50994459719461	2.0241377132624274	0.0349009075843873
Ndc80	3.2740944531575344	2.438391671069559	0.1259108383885752
Ndn	8.597722276331348	5.405183033789208	0.1191713281130439
Ndrg2	7.837459339171652	2.5488856944778773	0.206910157422644
Ndrg4	7.625971004284761	2.333344731776437	0.0783379731685299
Ndufa2	3.1483560661264	2.055763386914751	0.0764936909113104
Neat1	1.5954756754245984	2.101666277525139	0.2414719179853809
Nek2	5.699492114769701	2.323916013258611	0.263329835364377
Nek6	3.622473435567352	6.665480155742207	0.3167581308507629
Nelf	0.0282295876018991	2.261367086699733	0.177755775717743
Ngfrap1	4.713677488093969	26.566883483576905	0.2706582560293065
Nkain3	6.694111606060799	5.690444043372995	0.0089392876715328
Nkiras1	4.221264750144501	3.715948650618682	0.255569477281604
Nkiras2	3.93703555569133	2.926307684296652	0.0800556410184218
Nkx2-1	9.12593179173121	2.017628432415626	0.0541155279697001
Nlrc5	2.4319059686815	2.833608143391042	0.2505851271053809
Nmral1	6.17421644507948	2.9721863257531385	0.208184387205888
Nod1	1.9866266503519592	2.657938838698313	0.0786232853843374
Nox1	2.8232737404223	2.6942337144130484	0.0866553056089104
Nprl3	5.41873439941314	3.402824214419092	0.1040250461074625
Nr2c1	4.25719539096052	3.1366644143109457	0.108750793472732
Nr5a2	1.8777079317002887	2.403204598193924	0.205820400123762
Nrp	4.4436575739273	6.325147006111556	0.087554962132591
Nsg1	3.9480933878264	3.1641503572175127	0.2327899748895099
Ntan1	10.7945790559612	2.380908978415176	0.0453126540678489
Nts	11.69080293745258	2.634575467290317	0.0925993267032784
Nucb2	10.11074108752286	4.679441267066028	0.212042349692021
Nudcd3	5.6909349134774985	4.397779213450408	0.0879201964086902
Nudt14	2.648088746304636	2.835041388404185	0.0284928876721975
Nudt15	11.99824167424078	2.631594806545079	0.0926101611329742
Nudt5	4.206484742900699	2.264294215601124	0.258688663979909
Nuf2	8.759670016721389	2.525542255578235	0.1023743758742524
Nupl2	1.8569108507363	2.477941891121319	0.1324350457565488
Nutf2	1.8108275644169003	3.058759270149773	0.0745826672573615
Nxt1	6.16520568529047	2.045631784215969	0.0644757628828866
Oaf	0.7077416510574999	2.5044696670729567	0.1435698835814771
Oaz2	5.0584909204487305	2.349357388896045	0.0507909541865311
Ocel1	0.3083275803548986	2.791505187334536	0.0852846043568788
Ogt	7.280738059780919	2.125235201741536	0.0750474251716343
Olfm4	5.138772424705319	4.330036930624392	1.210184444764735
Ormdl3	0.7220648641213998	3.866114833371844	0.2203469547713752
Oxnad1	5.82893106985747	6.039360331644238	0.2208934720418301
Parp11	7.284140881818699	2.6715062365300426	0.1336496472172997
Parp2	9.58129521944466	19.01859883044775	0.2091892012303753
Parp3	0.0165523541745997	2.870624651159785	0.1043010413785186
Pbx4	0.7728478318930989	3.06405907351778	0.316928725388086
Pcca	7.17279092612565	2.180714806310115	0.1037762808958959
Pccb	4.40385348934696	2.364393219641636	0.0822805682965943
Pcnp	4.653149745108401	3.1824611017244684	0.0685885226133388
Pcnt	11.813238791470498	3.3568360414520044	0.1274679358428928
Pcp4	1.14466024841448	2.4222750270055977	0.276677696298565
Pcyt1a	2.9577912908883413	2.37404494058778	0.1025292432982351
Pdcd11	10.84418048206016	3.5474914385439056	0.1174760703739929
Pde4d	7.586008941085801	3.3358862559486213	0.1274183283984133
Pde8b	7.418186904866481	3.214131267294308	0.163976616218049
Pdik1l	7.581207510626289	2.11784797051558	0.048981315277838
Pdlim5	2.4856492969623005	4.181341975716185	0.1176422764297351
Pebp1	1.042668053919499	3.2281211654193163	0.0716554588824806
Pecam1	8.597228640832853	2.0248877969750807	0.139097651536936
Peg3	3.6777555135741	4.328673870747354	0.0236297730906036
Pepd	0.4786178471519005	2.955229903082684	0.1480566454043325
Pet112l	1.86253762817943	2.2093404303207462	0.131105015534582
Pex13	5.354198038607198	3.8059211971209055	0.0960947389590408
Pfas	9.8043693031187	2.9104230403457283	0.0372731597894854
Pgrmc1	2.5112021881557	12.80330841466006	0.2253059562327549
Phf12	4.849540106879502	5.600260164633263	0.0951314612470687
Phgdh	2.87283786236946	2.621919340276975	0.272737348646953
Phldb1	2.740544731388326	4.702487916470524	0.1342199707259894
Phlpp2	0.278844235052702	2.1370199004948107	0.1079224089061337
Pi4k2b	3.009119351332302	2.1201015837226005	0.0794288158238279
Pias1	10.987553499938	3.398448812930606	0.0804496697195482
Pibf1	9.44473463926766	6.392508076139419	0.1073718320909642
Pigv	9.850238119838467	13.988810921553364	0.0945648116216662
Pik3c2a	8.1177245464233	4.765727755211049	0.1194511782821532
Pip5k1a	7.5658105268176	5.895098229384682	0.1711854141062671
Pip5k1b	8.001688159674119	3.0339889889530154	0.0970545333305958
Pir	4.81102140209408	2.6458037158274816	0.170948812393696
Pisd-ps1	1.7298108829890992	2.865530111944546	0.1377303336091383
Pisd-ps3	11.24830845138291	22.79869965972991	0.1630271783147071
Pitrm1	2.33188275719725	3.046770340881857	0.1676920318361852
Pla2g2f	2.18881201612812	8.838726727006655	0.3506591939562495
Pld1	3.1242291721375004	3.9396901980613768	0.0609635074284293
Plekha8	8.4827537866048	13.98123283006221	0.1878392123702109
Plekhb1	11.297162938170448	5.373908480876829	0.1338620815973772
Plekhg1	5.656847084217169	2.1614502396533224	0.135837472211048
Plekhm1	5.9836209296178	4.478765013280024	0.2027859118071041
Plekho1	5.380611243140997	5.708194665258115	0.1265394109069519
Plin1	0.1806529584572409	3.6446840759065577	0.4414094464053509
Plin4	0.1735509560302404	9.97801564015538	0.5331143569959833
Plk1	2.059774152166229	3.2165555846010694	0.1513118453589497
Pln	5.574842849959941	8.192442477288864	0.0989346624146147
Pmel	0.0600184010033988	2.3790542704614235	0.150177004004178
Podn	2.041673302996502	7.372386702028872	0.3128384563440314
Pold4	11.865812209791049	3.707451612192213	0.0495150697198137
Polg2	8.468975297610712	5.058658089335052	0.1015764731005452
Polr3gl	5.014075065421302	2.666166676567095	0.120827174441182
Polrmt	2.3897792701650324	2.389582826161766	0.1094573163772534
Pom121	6.9070025505960295	2.405506590293132	0.0616214236338014
Pon3	2.04359350343246	2.275774885261434	0.0417640109849022
Ppfibp1	2.00389787958434	5.968201533237413	0.1689614999334192
Ppie	0.7321957738841895	5.341911964240517	0.0925531606831503
Ppm1d	2.30158246599804	2.3953094332980647	0.136511294848679
Ppp2r2d	4.9756352315736	2.1588616792421	0.0862566848360046
Ppp2r3c	9.508502938228313	2.8707020331169755	0.0584481409397713
Ppp3r1	9.696047672678672	4.049644526819198	0.0428439961835583
Ppp4r1	5.8364278769179005	2.810360330192946	0.0167198394122565
Ppwd1	1.984943922945149	2.981348176860128	0.1030649238477258
Prepl	0.0912495152103005	2.047652845867148	0.204338583314364
Prkca	4.11628186795552	2.417689242941699	0.0690109282491611
Prkrip1	9.040994446831949	2.129473020373269	0.0284779836235106
Prlh	5.0111194799837	4.812721985140297	0.4456104915932539
Prom1	3.972546986224946	2.3301822784852675	0.199364914789297
Prpf39	8.096378980745431	2.6103386252505203	0.1125251207360114
Prr24	7.245363817559799	2.1896526665472824	0.107336369609715
Prss8	2.8605367364636365	3.638011803206908	0.296693200977021
Psd	1.6047677846575894	5.767495387664615	0.15914949056435
Psd3	1.03819591469433	3.4304912347551406	0.243642939959317
Psmb9	11.74449735635497	2.0457007823588955	0.0793467378376208
Psmc3ip	11.9330218228179	3.336986475990412	0.2463632417889019
Ptges	3.506045479980568	2.425306801212736	0.1587547670697929
Ptgr1	2.945388773061301	2.5157670179587748	0.2384022759600829
Ptk2	3.1865277726326013	5.411537063906165	0.1172649806250195
Ptms	0.4057416761799004	2.310943752465322	0.0805469077290386
Ptpn1	8.85722826550892	6.317649295499215	0.1278954713178915
Ptpn2	10.646588295294976	8.15477029532102	0.0952014898765971
Ptpn23	11.0891726745187	2.394475231160176	0.071970705112104
Ptprcap	6.9181336426664295	5.191741237791259	0.1460211662821469
Ptprs	9.5238861139605	2.9263623614889447	0.0986404812976819
Purb	8.1323232180192	2.2750419692723125	0.0311041531146449
Pwwp2b	5.64698162339152	2.0404254917905056	0.0881869937490438
Rab13	10.7497344564654	2.6626723637607244	0.1525156233433628
Rabepk	0.9091111987949104	2.26386180684426	0.0475773939781525
Rad18	2.983577094748119	6.432921370739501	0.0784601619380539
Rad51	8.997445180346938	3.682580604800358	0.1415640860759822
Rad54l	0.0267912047861997	2.58928535236506	0.0434697129346818
Ramp3	4.6766718791615	2.112713241774116	0.1852514502487469
Rap2a	1.995463241684761	3.396287114741421	0.10668995825268
Rasd1	7.27352662715731	20.317753123106005	0.4004998685317791
Rasgrp2	4.691323762788501	2.0080588748836066	0.0791576200272072
Rbm10	1.1120693829598691	2.234105000033721	0.0667673060069559
Rbm26	7.929584511993472	5.54976519239945	0.0507240462306017
Rbpj	0.2981275057460699	2.371732208694668	0.0437035553813692
Rbpms2	7.5901272844816	7.825522143783767	0.1240310113327526
Rcbtb1	2.945103351122299	2.335652436430551	0.0579337937005389
Rcor1	0.4610571460623376	2.1207448108213605	0.0689923419047399
Rcor3	4.960218493041403	2.2172056210793927	0.0658777855156768
Reep5	7.00364700555517	2.6445359554259444	0.126259060215728
Reep6	6.5862253634634005	17.52904864209499	0.1979453121873468
Rest	8.80511790464617	6.384376826637314	0.1876872725362751
Retnla	4.4629156397123	3.239920273814314	0.371191548579555
Rexo2	3.3417704474970504	7.055179275363717	0.1742827579221597
Rfc2	10.51953231270417	2.7035813113087945	0.0520647987416491
Rfesd	10.725669549095516	2.27331726006788	0.0964113176651502
Rgs4	4.8706276229497085	2.0043222879485803	0.247338327989976
Rhoa	6.286544416665301	6.831444897093613	0.0359034072079283
Rhov	5.423414868151699	5.035243352129577	0.2224594544372103
Rhox8	2.80425421929882	2.0838211369636754	0.179926126184638
Rint1	8.484281360653679	2.0044447061468262	0.0688522494139528
Riok2	10.06699887246484	2.0188316696813526	0.0762259256079483
Rnaseh2a	5.05860077277856	2.3057246681821866	0.1234804093678225
Rnf149	2.38995316139614	2.646112046351976	0.1512401969322805
Rnf166	10.8405869704786	2.6970240613161	0.0474005632829954
Rnf215	2.3372085606145987	2.734181570850536	0.0911238619381789
Rpap3	9.233185112256791	2.21975770924248	0.1208655831944004
Rpl30	1.2671103155429684	2.4156122747790434	0.0667828619566152
Rprd2	5.745159927915601	56.08944413255649	0.042343956912125
Rps27	2.943320086488921	4.107678419199912	0.596976589323845
Rrm1	6.05346983973617	2.9550415658915545	0.2286854412195959
Rrp15	6.463884273415516	5.250593428709168	0.333068212490412
Rrp36	4.152373282410899	5.41024704446468	0.1044664909340361
Rsrc2	5.300963991504311	2.9647495997045654	0.0416611716736661
Rtn4	5.62935287514444	2.077059541667184	0.0407704700458115
S100a4	11.9404581016488	2.0854552453073514	0.43293143849903
Saal1	4.14848184267329	2.038231082043978	0.123089165515642
Sacm1l	0.2250632834241006	4.3248523981613545	0.2111610263097404
Samhd1	1.8833189335082992	3.27628402240459	0.1738342276730382
Sap18	2.4921373561374	3.1676884853865497	0.0615986183601428
Sap30l	2.7788006600658	2.16134187587088	0.1045649197685853
Sar1b	1.8434360085454	3.287610644964868	0.1556381825550433
Sardh	7.870679630178049	3.709627271776202	0.220926329639952
Sbno1	2.2733032705328	10.850773122382543	0.0716922486545939
Scarna13	11.039883328970632	2.5048972362135764	0.553586384828763
Scarna6	11.308152294424898	4.47118777170679	0.711713684405626
Sdf2	8.4881457280864	2.0064023219129696	0.0065545043709029
Sec61a2	4.292206091464301	4.012824145313576	0.1813057877506927
Selenbp1	0.7106279166678	2.3890994818439464	0.234230900832812
Sema6a	11.781314550613502	3.917740457097227	0.0631992184541685
Senp6	2.5410387831416594	2.1356776430062427	0.0551133752288841
Sepx1	0.3723580045035994	2.143407415186656	0.0585333490880837
Serpina3n	6.7081282466127305	6.728142218076673	0.3972344047466185
Sestd1	2.08356747086356	2.1583015530097924	0.0501315142688426
Sfxn3	0.7814177066658798	2.555846189608355	0.1322858702242468
Sgce	5.44361997648494	3.2032741115294083	0.309999764667241
Sgms1	11.653392076221085	2.60649549456239	0.1229071720141768
Sgpl1	6.5776959314520695	3.358899133434077	0.1189371916048755
Sh3bgrl2	1.727543626459532	2.6178120492562584	0.1231382352313501
Shroom1	1.45278153019839	1.8058153088753728	0.2303644128096689
Siah2	0.8238655446889993	3.2524863237171826	0.1029065362137165
Sip1	10.853489437048202	3.380320353462536	0.264905991415714
Skap2	8.19848596359343	11.227002064913298	0.145726362137099
Sla	0.8018461614169397	3.602808321115725	0.1761861191023374
Slc10a1	4.50389639486222	3.457882626444281	0.0489995303593428
Slc12a7	0.1898333992878988	3.593539484194375	0.1623671427514075
Slc16a10	1.689959546656901	2.936726637891049	0.27070412784583
Slc16a11	11.49070885202984	2.553867417956035	0.1259125147063406
Slc22a17	8.983175993118518	2.0508309654663286	0.0562387332930343
Slc23a1	2.635571056420499	4.415153098569926	0.958897949115997
Slc25a2	11.7180510406692	2.418129419202244	0.0186117166581968
Slc25a40	11.523820384137196	8.846942393889877	0.23262983636964
Slc25a47	3.5029810440784	2.204202974093914	0.0803250456306711
Slc27a1	8.16908003657697	3.908031954293397	0.2123120102378929
Slc29a3	3.5736875393829983	2.4709284937319618	0.1002908702879718
Slc35b1	4.903026822915557	2.3144110377496863	0.0316676954159599
Slc36a4	4.0093543159653	3.911829684594821	0.2063642475176245
Slc37a3	5.72533707178402	3.051597579765974	0.1192680747503668
Slc39a1	2.67589307360269	3.3023351718921603	0.099517703396125
Slc39a8	0.95296631566028	2.037638127597696	0.16133701078797
Slc47a1	0.3691555294079975	1.6559172696013469	0.234238916927004
Slc48a1	4.680732671640579	2.268678764898887	0.0745478614915954
Slc50a1	6.528649661224659	2.085524556044575	0.0624257226079152
Slc5a11	6.2088625923201	7.917495461878282	0.3817414532845584
Slc5a4a	2.3649638147345	1.304757985752533	0.247095381981361
Slc7a15	0.9202036468442998	1.3948972608464978	0.2240941999355961
Slc7a5	2.64746044186054	4.665415608814686	0.3592254163735966
Slc7a8	1.4330622913610007	2.691613661104801	0.33490360483999
Slfn9	9.51552322495909	2.296659969273789	0.0498875480797295
Slk	1.5803683562226096	8.142087494880046	0.036256018222385
Sltm	1.987270592782	3.508189237134874	0.0807080487708266
Smc3	6.92265365643426	8.349587779759727	0.1584389130636777
Snapc5	6.15971001749198	2.93642455559852	0.0935127253350481
Snf8	4.5368199432518015	2.1224024160693555	0.0581728104979204
Snhg10	6.431788488685301	2.955743921680278	0.508219932760329
Snora74a	7.681170201105201	4.635616329730966	1.406747566403427
Snora78	2.8610522002188006	5.592066515343829	1.0065566054254902
Snord15b	4.2136856261696	10.761851489328912	0.927154722545578
Snord17	8.27810855924616	6.008122020226497	1.344206757798374
Snta1	0.8702061488769992	2.1357171195408844	0.2060106072641249
Sntg2	11.00354513997034	5.883319251686512	0.14338058205505
Snupn	2.8571252491078987	2.7757983888766606	0.1473534283641935
Snx24	11.593467859843331	3.437775917286052	0.1458193672623263
Snx29	1.436102684481419	3.2707229053253952	0.1518108010051236
Soat1	7.1625705358261005	3.973615537001213	0.0591792499420407
Sod1	2.3029923546865003	2.227306274593968	0.0898846302372533
Solh	8.841329316090501	15.259307014487248	0.1796767314850869
Sowaha	3.3085380295219	3.335358637888696	0.0613125811824857
Sowahc	2.360592221650119	2.459184615342543	0.10351509776245
Spag9	9.80514939792952	2.0560548069420816	0.0297169368449209
Spata24	4.49543361767889	2.7894086045055286	0.117819804852002
Spc25	8.839091989953868	2.7821591829105703	0.1007077859876399
Spg20	9.494333111028691	2.189900455046565	0.0832142409592427
Spib	4.480829324539899	1.77409221480096	0.2021527807400809
Spsb2	11.46255103223918	13.157858226949228	0.0746477293144327
Srd5a1	2.8745588473652006	2.124001377320304	0.168797701608571
Srd5a2	0.3013429275019987	2.014153418932978	0.298337073594526
Srgap1	0.9544541715217996	2.3745120717686787	0.0614126750665229
Srsf11	8.91677507077618	7.112598162978813	0.1128503596873581
Ssh2	7.529365206532104	4.508325787899084	0.1558343899659056
Sst	4.682329123708943	2.888127836615446	0.2027045191299959
Stap2	9.608667800943929	3.104816930379434	0.0249829866867088
Stat1	11.34010730963643	9.84083590343193	0.1726117871538556
Stat4	6.06399552985821	3.988018743130307	0.1497155887714303
Stau2	7.865925011590759	4.514096826107108	0.1905339451012034
Steap2	2.7776770037765104	2.7139901843829155	0.0427208138706507
Stfa1	5.266333724893599	8.769591422737276	0.5809986119376208
Strbp	2.15838665485205	2.218193923067451	0.0252406404618084
Strn3	7.404395132130601	2.469174847074958	0.0578272924473638
Sulf2	4.216756648846701	2.391887050569727	0.249856356259711
Sumo1	2.6749222078768007	4.006332349655154	0.242601721156226
Sun2	0.3159410144437711	2.735198217842265	0.0927973515517854
Synm	2.7997798239970395	17.484598238484196	0.3487156131678376
Synpo2	6.94407974290484	3.32123622190304	0.1300724543773151
Synrg	7.06422293717365	12.501055082615208	0.0631897657871752
Sytl2	4.125881204907401	2.999217547727528	0.0734395800683841
Sytl3	4.086766886887	2.0824758826044576	0.1425697492499489
Taf12	3.4123395207029983	4.223091722360098	0.174403826501179
Taf4b	3.091295336677	3.266361033548261	0.0515491774552298
Tagln	8.26296886579765	5.083604469275759	0.479512713017602
Taok3	10.00746658473617	2.575618723683195	0.1059730876488673
Tarbp2	8.63968388491209	2.36043267250154	0.0340719729476172
Tars	2.02354833339071	10.958367881206968	0.1906813881275016
Tat	4.788661173775001	2.0738177799300006	0.321079455412071
Tbc1d12	4.13359295883794	3.7249421093220447	0.2117689241074256
Tbc1d9	4.33343574956341	2.789885399600908	0.1457503838427258
Tbp	11.892279264971402	3.8961581806176695	0.1020554959738893
Tdrd7	6.413407084627002	2.2661267730602908	0.0130662706494923
Tead1	4.007186797858299	3.368554441985355	0.2356012393418239
Terc	0.0081832177473994	2.7507335761543312	0.2934105616031509
Terf1	0.99388026216078	3.3780342121093225	0.1167190495545114
Tfrc	11.1002886291627	6.003325769757349	0.1896116641821569
Tgm4	3.4053121751886506	2.1401267922778806	0.0676232773889895
Tgtp2	10.60923483065889	4.441934025539088	0.1550219527829948
Thap1	9.6780663491188	2.090178830057717	0.0853448692534743
Thap2	7.59637768624003	14.255472291181093	0.2049092735048317
Thbs2	11.4147635308111	29.3215409437082	1.2450037322636054
Tia1	11.06038946828351	3.3961891156711004	0.0848296724588505
Tifa	6.426083466553404	8.861249246766597	0.3314407329759091
Timm10	4.621292436410268	2.1915365908470594	0.0795146594895904
Tirap	8.619433149849598	10.293106455086033	0.1893542609296092
Tlk2	6.78882431283727	2.593289066446679	0.0654711984519608
Tlr1	2.744809649432206	2.1236402391438096	0.100840805075778
Tlr12	0.426302097952	5.380789774091105	0.1503657155404506
Tlr2	2.85690033862603	2.1092352105989125	0.3837568003322469
Tm4sf5	4.3731768224325975	11.249150343565626	0.3250409897944165
Tmcc1	3.717608455630401	3.4537682142441417	0.105595654740583
Tmed1	2.9119827182963007	2.129505007280605	0.1069093896780759
Tmed10	5.182377488066999	3.357657837255792	0.0514862533211106
Tmed6	9.085254440713438	4.9114762055094126	0.3514271953179777
Tmem149	3.2977838900902974	2.1305141205174336	0.0935201423539063
Tmem159	3.0219677221463	2.6759459151103555	0.0750625474546347
Tmem174	4.25862826011134	2.361328725814184	0.28893936335943
Tmem184c	1.9670732985052293	3.072325671672235	0.0961595236232833
Tmem22	7.89515049686737	14.430133439057355	0.1693684912903958
Tmem38a	5.2640768703668	8.200598499844396	0.1430347920403866
Tmem41a	0.5292390290687994	2.346063127321611	0.144326682688178
Tmem59	3.1313548870584977	16.324385557175933	0.0911407577245424
Tmem89	6.1925714415957	2.764557532406541	0.255942378408002
Tmem90b	4.619057410485665	3.853894390736472	0.032236641727786
Tmprss2	10.97836106551325	2.8088725576685944	0.1415939192486748
Tnf	3.74240018698552	2.428005943202612	0.339646998007776
Tnfaip8l2	0.9622920525855996	2.1783938861674432	0.14937501196454
Tnfrsf14	5.12923442000924	6.7996098498058055	0.2097918793529601
Tnfsf13	8.533869780722199	12.253186679385012	0.0816544058515476
Top2a	6.40553329590837	2.275393820287412	0.299621108520565
Tor2a	4.817190343612699	2.361633169349964	0.0616084474996562
Tox	4.1173099722725	2.3638436781026706	0.0991378381225894
Tpm2	10.19768390250983	1.7506740199860322	0.265060832659912
Trappc6b	3.6887641097443	2.002657053671822	0.0699758529324944
Trappc8	1.630948455675	2.132422525275352	0.0354949010282622
Trim39	2.3138885519092014	2.3170184919405203	0.0507885060135577
Trip4	2.160926292917001	3.3863938656346884	0.1949780515312804
Trnp1	11.39097981302349	2.31049311840267	0.0340695674621512
Tspan13	1.4522516691310994	2.964744043703167	0.1680342512770794
Tspo	0.9823316707854008	2.9207233585762773	0.1080451837525987
Tsr2	7.888035806301833	3.1660302250983623	0.1033528803203071
Ttyh3	0.8517744722513996	2.2401349649342284	0.0995143368682986
Tubb2a	1.116615584258998	1.5350926975375625	0.2145877564890199
Tusc5	8.183367207876218	12.51777491135034	0.3101295541693585
Tut1	7.3283642812716785	4.860782085849297	0.1892580634885577
Txlng	9.30735813494688	37.300702091383535	0.3421557217263665
Tysnd1	7.138978508949441	2.06096009175845	0.0970771389238855
U2af1l4	0.0935192387868006	2.4080279221966125	0.0477057731419163
Uba5	0.6282085139999705	3.550671808159102	0.1283550083989286
Ubac1	2.5584405578959	2.6641549745720017	0.187105069907886
Ube2j2	11.63675390895428	7.346989371361741	0.1152700005785207
Ube2l6	3.8192166630132007	7.270353269736889	0.1701114935601752
Ube2n	2.8327129457639977	3.321999110568789	0.0701520214084808
Ubl3	2.374973051842701	2.6427861886111867	0.0372701357674392
Ubr5	3.893984935334821	2.568286319844089	0.0863920760771129
Uckl1	2.81357147228821	2.139263927887136	0.0307310659285002
Ugt1a1	2.307132269465141	5.1186793949086296	0.1465063232789445
Unc93a	8.512734713083109	3.7289346556989673	0.1480768083928437
Upb1	5.473392429813799	2.2172778706229943	0.19488014760467
Upf3a	4.9970540294532295	3.338138051049864	0.1276940227661592
Upk3a	3.4015433464260987	3.4870133365199214	0.2916078113465939
Usp31	11.39278784159666	2.417931103064601	0.0088339975059487
Usp34	3.7200925471259296	3.4962046170629906	0.0878057458260112
Usp35	0.0507735588785998	2.797810338836834	0.369252112384413
Vamp8	4.535680053124802	2.003400953608644	0.0551764046575087
Vapa	1.7359193664161	2.0618567438477178	0.0748453230663603
Vars2	3.5888262632491497	10.585453456958382	0.2177847994456156
Vav2	0.3497122126273	4.022819045218814	0.1222504197309292
Vcpip1	3.851504570792698	2.220378071796148	0.0589932917737518
Vgll4	2.47253131023987	2.219939810159284	0.205796865392096
Vip	5.00770167923617	2.969699777079743	0.7981880001609369
Vpreb3	10.017463290577972	3.7172580792240826	0.1254453031659956
Vps16	9.02662460353572	37.21852463787816	0.1057495167370369
Vps37a	6.136807261072299	2.1083362582072867	0.0630512477322771
Vps72	8.394124729066512	59.21430887971911	0.0734628565354098
Vti1b	3.831093053128299	3.830626011581782	0.0994351572033241
Wars2	10.43960164683411	23.799579409297824	0.1032400820977925
Was	9.25312029105552	2.6855343838955266	0.1225828932043056
Wdfy1	9.2533567935825	2.667050297559942	0.1973846436172769
Wdr12	11.67124697976351	4.434045121471977	0.1560952311057513
Wdr37	8.363622885972498	4.904796080464225	0.0832971004918461
Wdr4	4.807499045008399	17.827804744240233	0.1064504691806288
Wdr70	10.099958848968102	4.136608130185902	0.1089946366353815
Wibg	3.6332519110648	2.026657299800388	0.0666037574010637
Wrap53	4.517825232376611	2.0719816304417047	0.0513222032241951
Xpnpep1	2.0398526781001003	2.002519598002116	0.0912620997594703
Xpnpep2	0.9501538678442004	3.074789532426221	0.1774596936010046
Ybx1	1.70934683511108	2.3322080008958648	0.0865295985069401
Ythdc2	11.47111651812251	11.993315836237308	0.2298251416917066
Zbtb32	0.072707441077199	2.6080330460880257	0.282099463491642
Zbtb43	3.2747969646513013	10.592145778167705	0.0754958747799667
Zbtb8os	5.826421865605031	6.997721565712573	0.0747856942679077
Zc3h12a	11.675817586039098	5.943089065759569	0.148065702244579
Zc3hav1	1.6888722038509023	2.009585541965075	0.061135694139092
Zcchc14	2.42145344056021	2.6263269562548075	0.0545757112355669
Zcchc4	5.003464771547563	5.094665135946226	0.0932402384436807
Zcchc9	0.5517343112214999	2.501251465329561	0.1025457450667042
Zdhhc17	1.5851468709045091	2.254329663383841	0.108807813855578
Zdhhc23	1.5117190943760086	7.62489906453703	0.2667277696130494
Zfp167	2.34092914429327	2.166943690644495	0.0863105326107287
Zfp189	1.144983244383699	20.916482895816483	0.0932932341972895
Zfp236	0.5282795114818022	4.046117611906162	0.1231965877017229
Zfp275	3.2268233240254	3.043212683062241	0.0266513066618582
Zfp280c	6.238717836938001	2.1835676552503225	0.0477240525889786
Zfp445	3.832454518189344	3.180998518464297	0.0564614685136618
Zfp46	10.05637063835053	9.611972953796664	0.1050424649324782
Zfp54	11.905319232005311	4.341432711765792	0.1481621600944146
Zfp655	3.60677642363793	2.322831054904855	0.0934361675039028
Zfp704	0.97799845832411	2.6681058435752583	0.0855871770481659
Zfp706	3.439451584077501	3.820794319735525	0.1107294585253036
Zfp747	4.211997622469902	5.701899417667217	0.1069009385333698
Zfp800	0.6238609666670012	2.0211773683150973	0.0487538588004406
Zfp862	8.30950642848003	2.680415932512903	0.0321885175213342
Zfp949	5.1192270098859005	3.0241333924814304	0.0687952553853279
Zfp951	5.94784074628246	2.1835790357543283	0.0699926306156641
Zfp953	8.41183257890842	2.774754604797059	0.1547377834360282
Zfp959	5.743268284656899	2.654180906100821	0.139815091191292
Zg16	11.28992262312874	11.593838978947916	0.1058982029854258
Zkscan3	11.22055853024016	2.4336245334346422	0.0590460411564012
Znhit2-ps	2.156577331066801	2.0937321699589413	0.0626898729759934
Znhit6	6.19872570089289	4.019391135405608	0.1044704553290109
Znrf2	6.969424441233021	2.6641961453374887	0.0703344315335129
Zranb1	10.87798639894489	2.023924375153264	0.0646069906620324
Zswim3	3.1148245133467896	3.713322700076279	0.0500473646668818
Zswim5	0.3200606731617412	2.2101317880838462	0.0708514448392119
