CycID	meta2d_phase_diff	meta2d_rAMP_diff	meta2d_rAMP_diff_sub
0610007N19Rik	8.59041845573913	2.1748708608323706	0.1917857637337379
0610007P22Rik	9.96905428240787	2.0663926209772505	0.126968109024735
0610008F07Rik	3.4920235402007	6.166335259636096	0.401854240951501
0610040B10Rik	3.17619215308534	4.783148178704859	0.650962058227686
1110008P14Rik	9.85489259776006	2.430653183104268	0.179198430633945
1110031I02Rik	9.04198991415967	3.2218471285607952	0.1520383177215511
1110032A04Rik	9.371670182304491	7.733944747882468	0.6727470064188055
1110059G10Rik	0.5750211240772871	4.423936692484894	0.428282541534129
1200009I06Rik	7.426037654908299	2.0554153393431736	0.0936847275611778
1300018I17Rik	11.04443755410259	2.039622136048366	0.0648122903716472
1300018J18Rik	11.0135853923061	2.2327875506737125	0.0844119987797095
1600020E01Rik	2.843073097184101	2.280837284384142	0.237483041628255
1700009P17Rik	7.680005532863401	6.077997677648018	0.3220235407853102
1700017B05Rik	0.8326689329109023	3.305813471753537	0.2343247074958909
1700020O03Rik	10.708652587582511	2.016510562498377	0.0497804768305706
1700025G04Rik	0.94060773746002	2.096931706248595	0.10289628423554
1700025N23Rik	6.690642837134698	2.387276490541932	0.191792524599059
1700027F09Rik	1.8097896694131	3.3207592581691983	0.4389300325605709
1700029I01Rik	4.649325714318551	3.480277574348888	0.1049459159617408
1700030A11Rik	1.4095509164329023	5.814367305067991	0.4639252825523693
1700030K09Rik	11.86950760549029	4.545110194248061	0.2695949147854303
1700031P21Rik	3.821695927336101	2.0317000490254973	0.301500756834375
1700034H14Rik	8.857787863987411	2.679364617510389	0.1113020805208167
1700057G04Rik	0.98188538021793	5.088009188628444	1.384902510863104
1700066M21Rik	10.290789932879708	6.69166293389564	0.3753209696912766
1700097N02Rik	7.04608178750682	2.3170299100010627	0.3937115253269319
1700109H08Rik	10.371992418362051	1.8458281136029016	0.288919387188937
1700120E14Rik	8.006291379439498	3.030491158810864	0.1356182763892036
1810014F10Rik	8.8716658072659	3.2209742712838296	0.0622504782838339
1810037I17Rik	0.9403256289810996	2.399836051550552	0.0379555295975104
1810043G02Rik	1.9466529034674007	3.235574595958559	0.250455345096355
1810046K07Rik	4.7161841080461	1.4155014112631514	0.2170250993331139
2010001E11Rik	1.4019537179861992	24.95063335169105	0.2097423953766168
2010002M12Rik	3.3510031668409788	3.1557242746790752	0.271675823645749
2010003O02Rik	5.6025424421438	2.9387737990638167	0.3670441774380379
2010106G01Rik	7.104065010939255	2.840930367620649	0.1847558408370559
2010109I03Rik	2.9337526793586	2.161621910515095	0.351291892193992
2010300C02Rik	7.678309398919599	2.4458512440667737	0.1168908577723586
2200002J24Rik	4.0814673637308	2.2523205653013507	0.180226889374545
2210010C17Rik	8.168225648340044	7.111167605291716	0.1850070738598818
2210016L21Rik	4.505540690839211	2.1686584153553894	0.125725380781232
2310014F07Rik	9.8862187285519	5.45535222888252	0.0695023839955545
2310022B05Rik	1.726523267293599	2.7127128244198246	0.221770661979445
2310035K24Rik	3.54706592187347	4.045846518518032	0.2145254549854984
2310043O21Rik	6.2094183134371015	2.937687783981629	0.254856722622739
2310057M21Rik	0.2415941118365001	2.3032123627089147	0.1161618137797936
2310068J16Rik	1.8535558919419	5.78301424989568	0.3889528483412635
2610001J05Rik	1.8253968373734075	4.44255799840924	0.2248415196470372
2610204G22Rik	11.90585039526576	2.467864497171843	0.162155000704487
2610524H06Rik	11.32794539175142	2.225218953168426	0.15357017590595
2700029M09Rik	1.13082901781363	19.065230240102828	0.2049808318011476
2900010M23Rik	3.513823052343099	10.025951464815032	0.1089045756515594
2900092E17Rik	0.4628747443449992	4.717228640990603	0.1419345059106466
3000002C10Rik	1.5910737691133754	2.3111830344699653	0.19937822564268
3110003A17Rik	2.37382344842068	2.415350379975461	0.195128596775357
3110052M02Rik	7.11428906158655	1.994145489108864	0.215138990622887
3300002I08Rik	7.136676656190598	1.7806041797637784	0.216978479452385
3830406C13Rik	11.897013953647974	4.090094490648327	0.2178215624162627
4632427E13Rik	0.5003916217776005	2.8090834345820785	0.1034678502519187
4732418C07Rik	4.555636123751199	3.5965552219530617	0.0990419351601062
4921508A21Rik	8.569032530553361	3.267961974374828	0.1704042425692778
4921523A10Rik	7.5477250530822495	2.054062890766297	0.247769048151629
4930422G04Rik	7.423313913495409	2.505196225867771	0.0685332161304736
4930430J02Rik	4.472092186773601	11.29363497721426	0.9185700429893164
4930453N24Rik	4.320614921796079	2.271571248092126	0.1126533985524059
4930455F23Rik	8.1476731949171	2.577093689663175	0.1030534679350946
4930471I20Rik	4.186739261087801	2.7346194397698453	0.365456040172581
4930473A06Rik	5.580570151683199	2.347482090606145	0.163204290502044
4930511M06Rik	7.826361093071029	2.387725472789136	0.0617191208049448
4930562F07Rik	0.6790052772013002	2.402083225160031	0.1752506475598969
4931406H21Rik	7.002341406179359	5.616665895430925	0.3263529811238937
4931406P16Rik	3.29694159788059	3.0878872719656854	0.0813751807217829
4933404O12Rik	4.135746117271099	4.847771870137996	0.3250778742728212
4933407K13Rik	5.010903763675611	2.6044388449895712	0.1915481385560029
4933411K16Rik	9.36041466327722	12.376093502292877	0.5382789139897083
4933421E11Rik	0.2892404472466001	2.9454453493272004	0.1217290336687338
4933421O10Rik	11.8458998839961	2.468294666958303	0.1077411203918554
4933422H20Rik	8.953666734754789	7.279924738347698	0.4274364713068463
4933426M11Rik	5.847139685182601	3.54857707332229	0.1072334506731273
5033411D12Rik	0.1277643226794005	6.938763371651203	0.222232018352988
5430425J12Rik	7.73438864699649	4.388196121338613	0.405886222836384
5730455P16Rik	7.17051771150633	2.199241856489508	0.1105967040324406
5830433M19Rik	2.303783703911102	2.8796204305332886	0.1116976132218447
6530401N04Rik	1.1177516885499	8.458159101246746	0.1902027469318647
6530439I21	4.066895338514	2.7355965339423043	0.8402093971298441
8430408G22Rik	1.6288976228599008	2.265470057220518	0.3191199221940889
9030617O03Rik	1.371321759447401	6.35282894198657	0.1623806527110137
9330133O14Rik	11.80464890108793	5.436069174685877	0.2220024685801858
9430037G07Rik	6.99291307768371	2.536947464775702	0.292961088781672
A230046K03Rik	7.122049909244789	2.2045538156009146	0.0419731371029402
A330032B11Rik	6.5104596646367305	2.670400328752552	0.0754438982436577
A630055G03Rik	11.56889760957603	3.6076209799860974	0.078257509942129
A630066F11Rik	11.4042640335746	2.7871360010472577	0.355720167375731
A930001C03Rik	6.4065917108524	17.87194355996809	0.1816620719582264
AA415398	1.0456577810903998	2.3387236612740234	0.0903442703773466
AA986860	2.1481811979296026	2.2837423677765094	0.232887633984001
AF251705	8.184249838909603	1.9800783212507067	0.3649695956786049
AI414108	7.64288369137418	2.182752024483116	0.171423417952712
AI506816	3.791298477905432	2.5700659031478854	0.472072416557399
AI847159	10.87094455537393	2.994752614427808	0.0648557867510724
AU040320	4.212314398752818	2.789985237628504	0.1112470492488961
AW554918	2.15623990453927	4.5686594450150695	0.2880013275327864
Aarsd1	0.1039180483773982	2.440941410243196	0.0802156260800154
Abcc5	10.2942037641518	3.616077359717166	0.361340375460383
Abhd1	1.4575940556863998	3.679698679121839	0.5655739203846759
Ablim1	9.49499273889209	3.3419859606554727	0.1533377254539888
Acap1	1.907972442538	5.130600815793483	0.306607437186765
Acap3	11.3688429181329	6.427584431805547	0.2223091339343592
Acbd5	2.13850710301307	2.231012915607939	0.0682687991231977
Acox2	5.4744769932920985	2.4814754872000577	0.305922463423286
Acss1	3.479855431453039	2.77139587925376	0.204823844000629
Actr5	1.2691511311411006	2.2277011640503988	0.1603456335428409
Adc	8.720911026776701	3.417605893973857	0.1770367015643633
Adrb3	11.7878307385798	2.005300577699156	0.0507681451847257
Adrbk1	7.61139084780724	2.289898134145417	0.0782445047234808
Agap2	1.7722698156110006	2.645610503358774	0.1498186594115849
Agfg2	9.22829049819794	3.8952403611981072	0.1545525967056431
Agpat5	9.7568054554999	2.2756953496754826	0.1173335919431874
Ahnak	3.8955168591052	2.8785133810930352	0.214043401798709
Aif1	4.150399798896501	6.318783267679814	0.1532572987020965
Alas1	7.462725473786099	2.643492640253384	0.1360672539312488
Aldh5a1	9.19978307051381	12.751551410341696	0.1285872936082868
Aldh9a1	3.0299698611209003	3.928766329140416	0.129679757974148
Aldob	3.4689973347707994	3.975669922471449	0.2624793339820339
Alkbh4	5.052957250457798	3.693464475905713	0.0644689658561021
Alkbh8	2.12541600233633	7.2219650704554175	0.2932214464408839
Als2cr4	9.236744042149398	7.184252548263936	0.3472838249312715
Ammecr1	9.481607240966088	2.5714218996309803	0.303485793638403
Amot	1.3341512240963451	2.053113531269134	0.0676898985381623
Ankrd32	2.71782991331724	3.892175184781119	0.209553408382546
Ankrd39	1.2757267013624	2.4676134789623614	0.2722113423473919
Ankrd50	4.616821694423091	2.244036621984732	0.1197752766110431
Ankrd54	4.495786083871998	4.086050995341575	0.0904838127005818
Ankzf1	11.8875739529794	2.008641417695997	0.0915027745741292
Anln	3.6905694308243007	2.360294547715003	0.105889502465218
Ano7	0.6300237436418996	3.0418934279533603	0.1144226557400449
Ap3m1	11.69852636166909	5.165573275524628	0.2005259566502639
Ap4b1	2.974355544182801	8.740109649720658	0.0689916461630255
Aplnr	6.072523321307301	2.0826179091505583	0.0417090210716802
Apoc1	1.197744954058951	2.7768224888133823	0.200654794758865
Apol10b	0.004684150858996	4.958344434252406	0.1807854572089934
Apol7e	7.720910618136689	3.747505943902137	0.1450838509973734
Appl1	0.81017022750191	2.4653239442542896	0.1449670267763171
Aqp7	10.25760692766634	3.0406868686553583	0.191635119182722
Arf2	6.8325860549326	2.591652597456363	0.1220773006194591
Arfip1	9.1002308790073	2.8968067849967687	0.1131407695530826
Arfip2	10.52238431559014	2.866378360216097	0.0556283507884095
Arhgap22	4.079601616725602	8.128574271610319	0.2409763661233921
Arhgap27	9.46186079405303	5.509814203432593	0.2112371770945545
Arhgap42	1.5735632658923109	2.7610191733270466	0.0424560932011015
Arhgef15	5.931666715736599	2.034311134506776	0.0812957104922187
Arih1	8.86130989771834	3.6941893943580446	0.0881706655544438
Arl1	4.76303764026867	2.1247566515077843	0.132424073889939
Arl15	8.619273566317826	4.30774488922413	0.2501997976030281
Arl6ip1	6.6933647377337415	2.5004224066555474	0.1261694882999112
Arpc1a	6.2340899391683	2.581612568333492	0.0924065745171598
Arpp19	9.00065125448891	2.4290336021788765	0.0827067880018007
Arsg	2.373202927586081	2.72718826275693	0.266737939648866
Arsk	7.76497077837217	3.878403614114629	0.296808945786873
Ascc3	0.9419155947308226	3.649935166479542	0.1362761146907368
Aspm	0.6442445338956702	2.301309678025456	0.0735769821705394
Ass1	9.66636701364524	3.1752070678380715	0.8629818415692391
Atf1	9.71124114352448	3.861071795741414	0.0811775737362248
Atl3	4.92977162931539	3.0672662371940262	0.0784098305844643
Atm	10.785282905343578	4.071125460088185	0.1449945749765109
Atp6v1g2	0.324319232049099	2.134007046987186	0.137259693443948
Atp8b1	2.635104633979072	2.792459813091997	0.0590813588540134
Atp8b2	4.617459457985397	2.2943451581980177	0.0978093324955202
Atpbd4	11.639796593663991	2.003093041690513	0.101755773565895
Atr	10.11192065674879	5.102290466142988	0.2022190223952268
Atrip	11.14480462195686	4.422493049410081	0.1408046260368157
Atxn1	9.291345779983535	7.442180152943467	0.1731430894707481
Avil	0.4248258116026999	1.956892767775081	0.205595518431798
Avl9	4.625148357040596	2.084671111439329	0.0713751555101789
B2m	7.577294804683611	10.137846102097884	0.1778424769281837
B330016D10Rik	4.362562084541199	2.4549891134498405	0.1332992463809985
B3galt5	4.935768490166764	2.680315737229827	0.580133695795989
B3gnt7	2.55073630140602	1.5497062053338415	0.3087822151636199
B430010I23Rik	2.6646218957888	2.119892819796128	0.1115936132355029
B9d1	4.934301870806902	3.044046141727524	0.3184132063803769
BC004004	11.38807412748751	2.874601843834869	0.0468768259235731
BC016423	5.13491311089059	3.1650252815940854	0.1311512866848894
BC017647	4.6168613547813	4.278092956162065	0.154984324129518
BC021767	2.8120368935648976	7.505125588438205	0.6345362252226624
BC024659	8.86725830799974	2.438712535233073	0.188721442775286
BC029722	1.9241438101250985	11.279169845360869	0.2408423898776092
BC030307	3.392122775206399	2.690998519994084	0.198087644890305
BC033916	4.712009851152361	12.568338073699843	0.2829317601961247
BC048546	3.1534692420666985	8.38953940722503	0.3761285666891679
BC048609	11.5566796433653	4.019644737757604	0.686485816747751
BC055324	2.9112312257901607	5.897546114341848	0.3345508359503439
Bag2	7.978202341387249	2.303422934087134	0.237241681840665
Baiap3	11.293889289444133	3.0543971651775093	0.159441193958713
Bbip1	2.4573790723724613	3.592142828643341	0.0842382943172488
Bbs4	3.669417019469332	2.1355954561628847	0.1284954368109959
Bcar3	11.1559499490429	3.7807804500945625	0.1945601719962093
Bcl10	11.834413423534208	2.797228167561984	0.0798186216339457
Bcmo1	3.0289297352936	2.575871514821907	0.6467544538607268
Bex1	5.439656668758818	3.9763713067058544	0.1847180552318709
Bex2	1.6323363058696432	4.347544254192925	0.233759635137003
Bicd1	4.35375432026417	2.4730244555684595	0.228800311982535
Bin1	11.9144786846636	4.207333032043174	0.2888925563085921
Birc6	4.17423020941231	3.277275378626515	0.0762282694312673
Bivm	9.238629694375913	3.615068145352779	0.1006841932467113
Bloc1s3	5.019703521501398	4.801617397702191	0.1255881971460446
Blvrb	1.2786359307687007	2.283631558847737	0.1205216670611915
Blzf1	10.4850540469167	2.5626570901851755	0.0662334632945462
Bmp8a	0.1839980496344004	1.6632430169368575	0.2312613900750149
Bmx	2.1210620651543888	2.14281917225276	0.328895984991157
Bmyc	7.385540086223671	4.146675883577859	0.3036525349772297
Bod1	11.638459073559469	7.803663393804206	0.1136223500824465
Btbd1	1.56325743389682	13.34521631069739	0.2275236365812319
Bub1	3.7617626561934703	18.494455599082155	0.4387675322171678
Bub1b	1.3183496261588097	4.613124350999829	0.0762315597493898
C130050O18Rik	7.22709850489446	3.848416913881394	0.1983169020387422
C1qtnf6	10.59164828472342	2.077801103588631	0.0801990471395607
C230091D08Rik	10.72009134632272	2.527867382281524	0.1890628880894259
C330024D21Rik	3.2518895078217	2.8625943253400745	0.1163068646591575
C330027C09Rik	1.911800879434595	2.551126846739201	0.209285620638755
C530028O21Rik	6.91165489462118	2.7585399033901825	0.2458059918283369
Cab39l	3.2757626497534	4.538952712178048	0.1536772293314553
Cabyr	7.1271865756934005	4.127187799274951	0.39851656974016
Cacng7	6.284943126312559	3.849060970643704	0.503586173832972
Calml4	2.4663746136059004	8.499355593611591	0.1598306465569473
Calu	11.260497834742798	7.371143852464685	0.1288154924346086
Camk2n2	7.01814195168166	2.440168052497136	0.321055440622757
Cand1	9.910497723487698	2.1928308459935595	0.0840569309255244
Capn12	1.169795715660547	2.150345935662492	0.146454861274379
Capn13	3.109997507196251	7.359817124295354	0.5521438689153583
Car15	11.658050707683271	2.2538331527857096	0.1286933955394339
Carm1	4.109087420010102	6.824868870693756	0.0689144634073311
Cars	0.057774303927502	3.236920951443739	0.2593505322584979
Casc5	9.58821791715238	5.146573132944143	0.2270360040800254
Casd1	0.8964738759958102	4.166538102371955	0.3066390008313205
Caskin2	10.0835579137762	2.3764336514892235	0.1236086760505563
Casp12	1.1830936530238498	2.5464409357674263	0.276472958383824
Cbwd1	11.14392447628693	2.5391161668307145	0.1522722280924773
Cbx6	2.202663062969442	4.215780730009894	0.0897502377014635
Ccdc101	2.6865561491906007	2.591339416086916	0.1228676464046859
Ccdc106	4.691676520423961	4.285066985841626	0.2111352753731702
Ccdc111	11.85928326289362	3.287325558056208	0.0703893326832746
Ccdc114	3.857979618944002	2.1134846261398232	0.2752025517394989
Ccdc122	10.20225753036996	4.547265730252389	0.3196550852574962
Ccdc14	7.651409718709669	2.2144154652442123	0.1101406066777624
Ccdc152	7.73173822817829	1.9995196457721776	0.246791665724033
Ccdc153	0.2736996714602995	5.919231135946273	0.544928062240976
Ccdc163	6.0976102284455	6.9772711308114586	0.2852211026683205
Ccdc164	0.0260529657293986	2.4261617501808272	0.1420973520255695
Ccdc90b	4.7278465814708	2.634313793039321	0.0787139832204311
Ccdc92	9.53260790126389	2.7792003548694875	0.1672761155587327
Ccdc94	1.3627144033542995	2.8256074191638594	0.1279069693009116
Ccl6	4.6730292493008	4.505367070243105	0.2772915482229447
Ccl8	6.633024098564832	1.648681076963823	0.2907087176227759
Ccna2	11.06178490077778	2.4596110161889104	0.165547960600713
Ccne2	4.8426318421664	2.036176879722229	0.0641677258996689
Ccnh	2.5985984682286003	7.364004291896783	0.3102867968753531
Ccnjl	11.7496591013714	2.1061926178327885	0.174815285952003
Ccnl2	7.0909218831568985	15.22906010375062	0.2117824076560591
Cd200r4	1.346300891440201	2.316959508095597	0.1076468605939535
Cd226	9.4656267872231	2.3615277952209928	0.252571796082632
Cd27	11.34679448508872	3.178792801869497	0.337598994322809
Cd38	2.78559873894031	1.6318793963813465	0.231430788113532
Cd3d	10.0227846056625	2.4053952769481626	0.0956466965458944
Cd3e	4.590933800775172	2.199699287478091	0.130589400309157
Cd3g	10.0350748032911	2.286966153223693	0.186890785709258
Cd48	3.595072831651504	2.104864195630261	0.212808257878444
Cd53	7.347786924536489	1.9732662925530409	0.288832373449864
Cd55	1.1961295620808716	9.348561719102644	0.4580720899640089
Cd6	6.237158366745799	2.8715166597691377	0.1399394001248922
Cda	9.101507134060231	6.579811436857842	0.3222113255741575
Cdc23	6.75594684088912	6.855533261330187	0.0712849835346245
Cdhr2	1.8926773431488968	11.3093613817832	0.2081241948546115
Cdhr5	8.8542459670547	5.50947279414423	0.1761978734845726
Cdk17	3.580284972331839	4.121916384825004	0.210901510684795
Cdkn1c	10.25685779461881	2.0225857760144965	0.166418769414198
Cdt1	1.403846148614079	2.02779968502904	0.125100216334268
Ceacam18	5.18545814528755	2.5382168468626256	0.215865344455841
Cenpa	10.057770694838853	4.173509707381848	0.1950189362417817
Cenph	2.990166312954301	3.885205097265311	0.1967973425688551
Cenpk	1.1911458224162998	4.27117575980324	0.43364178064083
Cenpt	9.233697524716842	2.1704255554125127	0.181338481734293
Cep57l1	1.2927129964486	3.915082322541924	0.0809020457566511
Cept1	6.242139584909303	2.2293904616688724	0.1099551555062455
Ces2g	0.0191028676954001	1.8189419088043377	0.211323696080055
Cfi	3.566941187471812	4.287314617569531	0.1779775646794953
Chek2	6.100651600755498	3.605727260755351	0.1963109057439813
Chkb	8.5307588882648	3.337834217726513	0.1881693692282067
Chmp2a	8.23944312536818	2.250918484753165	0.1225446579787881
Chrm3	3.588340398577799	2.440311597819904	0.1383208743908561
Chrnb1	2.232916751308601	18.06125013594298	0.3854352346564177
Chsy1	0.6374811309843977	4.517611566079775	0.123302681703336
Cideb	11.90467627993108	5.104553166637445	0.1943213465116988
Ciita	6.836770408226899	2.706473996824508	0.182062228496212
Cisd1	5.10624896835	2.608033501235882	0.1212829723567369
Cks1b	4.8182763148640895	2.373543266837972	0.137464274914327
Clasp2	1.6797638589553705	3.4273466843647804	0.1324305003677623
Clca4	8.673967570677418	3.0027153949305587	0.0992428560849096
Cldn25	5.58844749810282	2.368207349850804	0.117175160651406
Cldn4	10.39982779619239	2.1031442141101304	0.1475150538751599
Cldn8	1.29673524994908	2.130430938189696	0.302702108413392
Clec2e	11.3604001087847	6.979794568071296	0.4898967333128813
Clic4	1.823759414542501	2.00108750017075	0.168604437418692
Clk2	5.18175820219728	5.93753538845459	0.2244215500440602
Clk3	10.7120445068789	4.61819866910761	0.1602583304182596
Clp1	10.825855956000234	5.0719619039534	0.1332525033738486
Cltb	11.18781583629277	2.014502478276196	0.0989895510382275
Cml3	7.932574314156499	2.8595141462701483	0.1135591462452539
Cmtm7	7.705647786253277	2.3045084723274143	0.345341773086332
Cndp2	1.638797290063799	4.214755765654619	0.1980448981626357
Cnn2	0.8206148149374002	2.494812174835841	0.0978736009081586
Cnot4	7.1994868952832896	2.08097617240352	0.0490242694076785
Cnot6	10.863613510113431	3.628261133656696	0.1473476998564716
Cnot7	7.224664169197631	3.267478523486829	0.10263259266524
Cntrob	6.6060145595696	2.247685733137537	0.0844554923584025
Coasy	8.73418880064313	2.276743882068461	0.0815856590107352
Cog5	9.725250684112211	2.177332544372851	0.0623279660743617
Coil	0.2738583909517995	2.429509542256339	0.144300230965619
Col4a6	2.348967263647401	2.673162586548062	0.258002600627073
Comtd1	11.2152240318639	4.099159508161746	0.1285363747487544
Copb2	6.9419916081176005	4.8395587432580855	0.0392249627048203
Coq10a	1.9784961643505712	2.434441726669992	0.0909217988937979
Cox18	10.25450372722727	3.0615571332651466	0.1414341020382589
Cox7a2l	3.6657695860688007	3.5098380512113545	0.1550777287422905
Cox8b	0.2128714222124994	4.966928588062971	0.455278579772819
Cp	0.7019480161109009	3.0265617734650587	0.1991750372700639
Cpne3	6.36837342708138	2.09593595435894	0.1004834787809471
Cpsf2	9.5664453587008	2.12516340126052	0.0764823277170245
Cpsf6	8.023517248979909	11.561610417183465	0.1114844703558436
Cpt1b	2.3231029578786	3.7604953329930666	0.291681940062185
Cript	5.905195115292771	12.7955606705196	0.0871383306747236
Crlf2	0.06211105464593	15.83735390855909	0.4169507493581088
Crym	7.696067120493399	2.8357418856430643	0.1012843081945732
Csde1	1.3752827759260051	2.6638429983403427	0.0945533558706146
Csnk1d	9.71406454189461	2.1250908311523498	0.0798115719227191
Csnk1g3	4.180268079184369	2.769019803542017	0.0714585829098433
Ctnnbip1	6.823375135422011	2.26893252167304	0.0920358461988689
Ctsc	11.177740492203998	3.631044388960608	0.123487243211327
Ctsh	1.0945847688100994	2.4713672892753715	0.1359081510154078
Ctsw	10.926105960607812	2.196724572399757	0.144887206061674
Cxcl1	9.317722827469211	2.7801263670061926	0.058772782214981
Cxcr3	1.8232556009763896	12.801260274522225	0.4619967713818992
Cyb5d1	4.332630050431298	2.3062077064134203	0.1119531696140804
Cyb5r4	3.0940328697590083	2.840604864661657	0.0740466370404561
Cybrd1	6.7793858262874025	4.656028556145399	0.1629349969483924
Cyfip1	8.62787698203287	2.927971918682723	0.0528300338322034
Cyp2d37-ps	3.43021789410898	3.0736674368955827	0.2960469651516719
Cyp3a44	11.5800014642712	2.283581444821369	0.29943852566907
Cyp4f13	0.3218809385057994	2.209252735629009	0.1059324296348988
Cyr61	1.662029657017598	1.8282335208030955	0.206580562643317
Cyth4	3.564181547935519	2.720199744428497	0.1429469954385981
D14Ertd668e	10.739617045661555	5.390873691320152	0.3757937592788519
D930015M05Rik	3.6426670539882	4.510190684923768	0.610897598186372
D9Ertd402e	9.22673131448909	2.410839156779482	0.0670559999330249
Dclk3	10.00022334774957	6.953318364128513	0.2868288108347298
Dcst1	2.418765660871	6.102114460956014	0.399325591310966
Ddx3x	0.8046229472400581	2.6582520375795027	0.1116003477337219
Ddx55	5.202367232331579	18.397244244149217	0.240028517900339
Ddx60	1.8067083318434316	2.141048065253284	0.2304601778140119
Deaf1	8.713513550655598	2.7725767242540336	0.191581856531771
Defa-ps1	6.753081612988101	2.5747223546885643	0.239196531962626
Defb37	0.1378231344374096	1.9471649727788487	0.563749539114725
Dennd2d	5.927582510633507	3.1734170409474065	0.1676698299316921
Dfna5	11.89084708599575	3.556563717857104	0.1719540224500941
Dgkq	2.1836580489858	3.417586149913212	0.142853625478294
Dhcr24	1.1604353726394	1.891432052881903	0.27203515913814
Dhrs1	4.128186841870299	3.3598330527290834	0.1607113379212554
Dhx15	8.580111201330359	10.993778475870732	0.1197544959929532
Dhx34	3.0550675582996	2.216447144922991	0.0617513857004376
Dhx9	3.879227721103	8.501077775604905	0.242882933437816
Dis3	10.46325409588988	2.2852387126040155	0.0786357015167279
Dis3l	1.267643257905501	2.2222359554673234	0.0735229697823875
Dlg5	9.64909703239349	10.029583105390698	0.1988704677198481
Dmxl1	5.3142719410452095	2.8865192896714995	0.1351494021033812
Dnajb2	1.1300840213796004	2.9582978608624275	0.316374936493051
Dnajb3	11.878431203746104	8.12613324948702	0.277751836304385
Dnm1l	2.25507539466396	2.4414151808712194	0.0778175706985242
Dnm2	10.74731256654098	2.33216915460389	0.0990380696198578
Dock9	3.602811353669999	2.727827740238661	0.178111168147307
Dpep1	5.746937030118669	2.342341309652227	0.1317184447399984
Dpf2	3.652438017386	2.687467617993596	0.1171507631625192
Dpp8	2.89763759221025	4.37044533353496	0.0608378819833647
Dpp9	3.2813675380048206	2.9321093090343444	0.051601078573354
Drosha	8.394484591221229	2.3033073343141104	0.08121478474853
Dtx1	7.7673547705783985	10.550715078351224	0.285016466066917
Duoxa1	2.8556763048006992	3.3966404792796587	0.1980560981030555
Duoxa2	4.96610404509711	4.553513584892166	0.0970862545954021
Dusp19	8.42495403225805	3.1909197074118087	0.4362653367634
Dut	2.2567290153281	39.147512782592	0.1308316804581717
Dvl2	3.67763820119608	2.543699128222127	0.1384979696788085
Dym	1.126298017566947	5.076723841586522	0.1404732282584457
Dynlt3	10.21298339776305	4.485518122328049	0.2246552338687309
E030010A14Rik	2.5091434274110256	3.0596573616464737	0.351299927507805
E030030I06Rik	11.569538446371014	18.697295358682364	0.2108303947975022
E130012A19Rik	0.8156115918907005	1.6487478008640388	0.231652981106789
E130102H24Rik	5.665103047718303	1.938693443339801	0.245184050664823
E130203B14Rik	2.863303306824072	2.8900150022268343	0.1758587226936578
E330033B04Rik	2.6607540316589	2.7846124959324365	0.1402710991221699
Ebi3	8.0254970394073	6.432462358187998	0.3053691413333977
Edf1	11.248602662840728	2.7599104094146347	0.1438576924306981
Ednra	5.285396606912549	2.90883705358272	0.2037164806360409
Eed	5.828648125240299	2.7287053994050625	0.0951795452332152
Eef2k	1.3639065984973993	2.0891151665251657	0.236281601611132
Efcab4b	4.2281041008813	5.434001966494487	0.4603287745471439
Efr3a	4.355885967672339	2.147022293222326	0.0442877403527832
Egfr	4.3266441297309015	2.457892480407132	0.1374976722931867
Eif1a	7.462717566408052	2.6206309723015653	0.248366166282256
Eif1ax	2.9054241846649	2.4435321944727684	0.166111979015031
Eif2ak3	0.4612072361335002	4.1143888758973866	0.1583203218505269
Eif4ebp3	2.6230701103347	2.5542656498734795	0.196600416672307
Eif4enif1	7.854638757469179	3.691316910949297	0.1013846699395901
Elk1	1.753691588460999	2.5133654345542404	0.1285599725139766
Ell3	3.34504095269528	2.7156776875979403	0.297973230097025
Elovl7	4.410738085232202	2.8042577093172785	0.1345266984508456
Enpp4	4.11454698211708	3.438195678316317	0.2077960519141705
Epcam	7.968607714085447	3.886998198625724	0.1491868655953873
Eps8l1	6.462337566907269	2.8612195930515445	0.346401408009403
Ept1	2.140551858698899	2.6216721952601514	0.1149894419565609
Eral1	3.3543647910785808	4.039926357905788	0.0824895965410621
Erap1	11.967403680466678	6.339330788447192	0.2007575863255989
Ercc3	3.7028082529615993	8.105583030413264	0.1487855148612281
Erg	1.4540006420263012	2.2074351146383213	0.234551191550751
Eri3	2.88404598764466	2.186125978821483	0.1036292500597302
Ermp1	3.19322194432781	2.539961495729496	0.1016757723010891
Esco2	11.75414079178347	4.828217237180475	0.3561726582794743
Etfb	3.047827186693061	2.05328786278322	0.1401903077348029
Evl	10.0085421039053	2.585531586436121	0.171336237524387
Exoc2	4.65876742021643	5.9719111192936	0.0573057155015417
Exoc6b	2.756972241073999	4.6866418595109565	0.141827815048084
Extl3	5.8489866381864495	2.1627022898061887	0.0268153637026913
Faah	0.581915288706	4.373961711806716	0.1244534709443889
Fam100a	3.1470162037631013	5.417424211457433	0.1067957468851457
Fam111a	5.91580114481129	4.011668493705029	0.1750487816851967
Fam123b	0.1060915497239403	2.0833833783559186	0.1228489478373269
Fam133b	10.83264808413702	2.188980937200512	0.141592310853013
Fam173b	4.0305998731458	2.1864176529367785	0.085732333666084
Fam185a	0.1442043131855008	2.89355956919788	0.1517774981181653
Fam198b	1.36462288747703	6.47787176097003	0.1944134057487929
Fam199x	1.5275558595222911	2.2942070797519527	0.134195644374977
Fam57a	7.022609715482551	2.1202750517253777	0.1835036164011239
Fam73a	11.04512146966334	4.039575530455947	0.2829688813756467
Fam73b	0.7032528156690017	2.89405592974977	0.194807612118117
Fam83b	9.3766681114265	2.0630054212644904	0.0876691142313733
Fam84b	10.451038097244655	3.407368167795454	0.1302445753644716
Far1	11.249398918704127	2.366340635974228	0.148604434727482
Fars2	1.8405333411291007	10.462594270500825	0.1189419942722498
Fastkd1	10.63769460171428	6.255077126868587	0.1975406240926155
Fbxo36	0.98384758665805	3.178236567936045	0.1785130470782607
Fbxo42	4.1751977406908	2.196500114558685	0.0611911838971492
Fcer1g	0.9289223729886018	6.702728268358121	0.3624856098044066
Fdx1l	4.82646028408789	3.1474988580756573	0.1652296989816712
Fem1c	4.476284672863997	2.3014081149589662	0.0959994481455846
Fgfr2	0.3127305912073019	2.338698542506416	0.1106434457942344
Fgfr3	6.211146684485131	3.4458494233937973	0.2166650803599158
Fhit	6.878387155259302	1.882226185555568	0.227376549486204
Fhod1	0.0152263283333597	2.3424188130565	0.0460786332582439
Fkbp1a	3.2376631203380484	3.276717531213956	0.065590227316823
Fkbpl	5.144383183919102	2.460746218399942	0.1050877386616712
Fkrp	0.0335343541400698	2970.125156513578	0.1803422093330423
Flnb	0.8300317302694005	3.743134242441217	0.2012599977724462
Flt3l	9.19861040776633	4.456291272763844	0.3508598225703649
Flywch1	11.19411343363288	2.2007006477652977	0.144942773000074
Fmo1	6.742804031966498	2.628486547919448	0.273880653549988
Fntb	7.942428935366211	3.4492533992912184	0.149144614727965
Foxo1	9.08037975583752	2.160607866201997	0.0311518353645989
Frmd3	0.7062281348369002	6.783250584113239	0.3562355737261085
Frmd4b	11.738049990934698	2.0682344701323574	0.0268160355995314
Frs2	5.927205423043271	2.033563578511996	0.0782259787928845
Ftl1	2.4542237893833203	8.078929919889116	0.0302183193726678
Gabarap	5.344684887985302	2.2097712867989827	0.0822428635464782
Gabarapl2	11.46351414824175	5.159992265603519	0.1004284681966656
Galm	4.331348672137398	2.308091237608008	0.0643568034679192
Gapdh	3.469601930985	2.229308343434083	0.136636931605056
Gars	6.8709377337770565	3.199249531335604	0.0863561319150392
Gata6	9.745944468320609	2.391699896519859	0.0765128193175509
Gbp3	10.736640328512513	3.369746239505747	0.301108449870623
Gbp4	11.9039351442931	3.5555650623503627	0.2120182192572702
Gbp6	0.6499576254937551	4.688168653589222	0.6184843656713981
Gbp7	10.217222812931729	2.583581558708214	0.226329484616336
Gbp8	3.586401235735572	2.381110719906717	0.2776128624016579
Gda	3.913717465608503	5.5210940898765575	0.1777412281293874
Gdi2	0.2929672894322803	8.12247461612671	0.0813608131987495
Gen1	3.7784703457328295	2.902956904439997	0.1915025467540859
Ggcx	4.05349498164725	6.250564751862332	0.0744866615313397
Ggn	11.41038486421402	1.7027616452330288	0.330253279367655
Ggt6	7.94987948677646	2.0139469789423057	0.0878637485494153
Gjb1	6.009307145308511	4.147181319871617	0.1892842742342547
Glipr1	7.627740776501788	8.289241416799696	0.460675934063604
Glmn	9.95342602121221	2.2938903999858264	0.315462741245787
Gm10046	2.2983289678144008	2.8526368854336552	0.276083883039433
Gm10104	6.104750758142249	8.335581715993385	0.4570035348385334
Gm10433	0.8220145008091002	3.3122974300276584	0.244198567549252
Gm10451	10.22899903894545	2.7124120467576387	0.3625391967838309
Gm10509	1.0166387628819602	2.559319274467018	0.225932501548323
Gm10791	10.79051431803656	15.581866277840424	0.2281078266092573
Gm10804	3.754591928842302	3.116351609289488	0.394936256265768
Gm10865	5.033194619177401	3.176190192844221	0.243013578475305
Gm11194	3.2225501762851607	3.4220381740955386	0.458832244721483
Gm11428	9.910275645339247	1.8408704249787164	0.5603562583269369
Gm11437	1.4164710396637084	2.420735875567348	0.1120577117927326
Gm12216	7.123786147053398	6.464965500840324	0.3660046785486665
Gm12250	11.715360154050298	2.7652500784588514	0.3549009536725139
Gm13710	5.736919312154495	2.2588437657734244	0.257712459920337
Gm13807	3.7025963058723	2.512059020584448	0.183559602931921
Gm14085	3.350027623016903	7.429016844597976	0.0640961486977401
Gm14420	6.964072794547299	7.061812525912093	0.0976521146363001
Gm14446	0.071067128875327	2.277319201095652	0.48313386724726
Gm15471	8.60894387908149	6.022182649296381	0.4403160960062442
Gm15545	4.887284890453381	1.9127725365031785	0.212126026653701
Gm16386	1.4803033744789005	4.950750125835462	0.2969631960425853
Gm16675	11.907859109748214	3.9277027336629584	0.444637277017605
Gm1673	0.7133816184711996	2.7413962885825254	0.5087975982916089
Gm17821	2.609503851233711	3.095729883716679	0.0741520688778398
Gm20324	0.4320919796696998	7.86386828797691	0.2831835132744326
Gm3086	8.73231925654311	1.6237939534653132	0.2062131772660139
Gm3414	0.78764738082101	2.0121049306507715	0.12405730685048
Gm4013	4.58691873783852	4.492084389458292	0.8219969292824609
Gm4841	7.165060934695138	10.382954521738569	0.1136231230646092
Gm5129	11.0057151119123	1.5950159063125862	0.355572912453865
Gm5506	6.4327867711339	2.5672803889134315	0.415141373203015
Gm5512	5.1726360738530985	18.668845677736744	1.245275192456564
Gm5535	1.6140457830669206	7.298209850099531	1.1075612989562431
Gm5741	4.6534820764779	2.07807730088787	0.2515524364935689
Gm5901	7.074145402874702	9.516943427849396	0.1251350759419019
Gm5918	3.22555912933048	7.261565359786632	0.3020513449925076
Gm6034	1.6860494404169994	4.242982724727361	0.331661027725977
Gm609	3.7667882332214497	11.802395733594052	0.2628978112661375
Gm6484	8.711650818779349	1.8904809241724785	0.24823533725075
Gm6525	10.448310621650531	2.152785330106428	0.40096489777459
Gm6981	4.729880085186899	2.556215009702977	0.197603309545327
Gm7609	8.90517662291494	4.633685278319675	0.3039746142490068
Gm826	0.5205662485803977	3.661335606601234	0.423045052626687
Gm9846	11.02871031909601	3.954708723186763	0.5542788603393569
Gm9994	2.986970859975401	1.9562776943362368	0.261501342934056
Gmnn	4.0767109913347	4.7454597885155625	0.1879122445121256
Gng2	2.346028564727393	2.606345792353751	0.226314106540401
Gng5	9.404342008219372	2.2360962588662967	0.206212045517877
Golt1b	9.949569103453744	2.4346681723361745	0.159349395571963
Gon4l	9.47159795031034	2.8572624014325454	0.0950322695218674
Gpbp1	3.94117138569266	2.684232000995689	0.1460063122268246
Gpr108	3.1272694433529	3.082077928101181	0.1073655796666545
Gpr114	5.0235786548125	2.2567449322680333	0.13457048544123
Gpr132	11.690172517773483	2.4407318793276715	0.0955845258704907
Gpr160	4.59841561054262	2.5224146649531347	0.2106218287726
Gpr82	8.05811482476401	2.08460926975542	0.0854911594818119
Gpx2-ps1	11.625814832523249	6.360206101547398	0.1673797959993728
Gramd1a	6.443456053659702	2.013019567905047	0.128788165893506
Gramd1b	5.825868148362059	8.129888806289781	0.3103931766993431
Gramd2	4.910985818700191	3.0757279263323016	0.1572336189624164
Grap2	9.854695409117229	9.121475521664967	0.3426538612643354
Grhpr	3.92681120205297	2.419787360988183	0.1220597023337252
Gripap1	10.69236773828759	3.455694188301641	0.1532914864133727
Grlf1	7.08758587778536	3.250719473098316	0.1120536058940559
Gspt1	2.0334805483167884	8.0830298065498	0.2134288928615433
Gstcd	11.5023875988756	2.041074327699392	0.0809832985482348
Gstm7	2.45244913517182	5.344424245329472	0.4696001094489829
Gtf2h2	1.7333938924561796	2.8402259279012787	0.183655616977149
Gtpbp10	10.683561749818873	2.421915518473629	0.0895291479849404
Guca1a	1.10104236506591	4.597738019219275	0.1206407729290835
Gxylt1	10.037467245107212	2.429887088994707	0.0483674076218827
Gyltl1b	0.8929549219646997	2.698291476611568	0.142093362104731
Gzma	10.1938468429884	5.479383845861675	0.2341806992218159
Gzmb	9.097771147179	5.077196713944565	0.3195308615314144
Gzmm	11.1527669177837	3.3642435170337466	0.27432238720925
H2-Bl	6.383662133456301	5.729699824207267	0.3772533878873026
H2-K1	11.18243520116977	2.13558102349468	0.1090468718028585
H2-Ke6	11.95185454125372	3.594713928925547	0.1820527719010852
H2-M3	9.424545703119271	2.469926634403097	0.203116104129488
H2-Q2	0.1020930585039003	6.42447635768817	0.2329587576608556
H2-Q8	11.676066110493352	4.427965887398639	0.2950199804526227
H2-T22	7.303557926658058	3.796758791880313	0.5532641707811681
H2-T23	11.66510108073913	2.1833800727085904	0.101644560395092
H6pd	5.389174179578099	3.1738625449166675	0.1068327364012715
Haus6	9.8838345008234	6.685234627927444	0.2398416973778343
Hbs1l	6.18878864937405	3.0954826070462524	0.0768494555243866
Hcls1	6.030294540349299	3.924869200109004	0.1902283265775182
Hcst	10.95721983146052	11.665001705053776	0.8283508494847275
Hdac4	10.5845011228428	3.285331589401947	0.0378622000537383
Hebp1	9.7415923134751	3.087335361641503	0.2055274514363874
Herc4	2.5862890827013603	2.1656814934405832	0.1050374177035085
Herc6	3.247034119347392	2.6041228429749053	0.4358556258430129
Hgf	9.86933479617057	4.368679326481487	0.2705555515847092
Hibadh	11.4791633213012	4.1373640151071225	0.0801152192474705
Hint3	10.222430979823498	6.21943232117756	0.1673437997874121
Hipk1	4.650404609896199	4.158503901030313	0.084468323826412
Hist1h1a	4.978699411235301	2.0723612236630533	0.120759102940732
Hist3h2bb-ps	1.7748003605800202	2.6609228902071527	0.496076310581973
Hmgn3	7.88240891979779	1.817021120735022	0.3112170896536939
Hmha1	4.168417605869699	2.024257703110214	0.10706571199878
Hmmr	2.26198472770569	2.6262689309459795	0.1514750210213956
Hnrnpa0	4.032191064011291	2.371568433120311	0.1383550931200179
Hoxc5	6.437100556654801	3.1219081890240705	0.252791169480647
Hs2st1	3.810335357557381	2.3541538462839684	0.0665052765027608
Hsd17b6	7.961960976178602	2.1698412735096126	0.318458858405501
Hspa1a	0.1371871046384001	1.4668368963343872	0.3706851592723729
Hspa1b	2.2881836627213	1.5873480262204431	0.44601866894851
Hyal1	6.9709520016235	39.56590568607425	0.3171320808717459
Hyls1	0.26742268856133	2.9243177401250704	0.1289231226742591
I830012O16Rik	3.144745277942601	5.218911771801476	0.3135954971643663
Id4	9.4034133002293	2.4874917517067785	0.176932661896956
Idua	7.060844659485549	3.2629693377603872	0.1924308546980241
Ier3ip1	10.88035185114945	2.645782436592408	0.1912996218412569
Iffo1	5.796352847769802	2.542340593343781	0.213282482844404
Ifi203	1.0682223543916898	2.0150246094438806	0.160640611985091
Ifi27l2b	1.3663282500279197	16.66247501293665	0.269559708770705
Ifi35	5.978206906464701	3.916872315085538	0.1411361574714452
Ifi44	3.6349143869922	7.030679168859758	0.975804797817314
Ifi47	7.200717935427001	8.90767386450668	0.564371163242659
Ifit1	0.1735409387684559	4.960736577958433	0.6920848815475109
Igtp	10.4302053074836	6.1970830202776686	0.4019361509308765
Iigp1	9.075761169560298	2.559870919929833	0.233384438482722
Ikbkap	1.85490580381689	2.8154534198818264	0.0954151550762293
Ikzf2	2.609126782982166	9.182651548083289	0.2218019913235514
Ikzf3	9.1435295995678	3.425326265588294	0.1516395716605215
Il12rb2	6.039829322523499	2.19029802209927	0.201792885470497
Il13ra1	2.3875839344073526	4.970490813801284	0.2804379544104201
Il17c	3.3808166586808	2.78811197575012	0.3808804902575209
Il1rn	0.3675591603962997	1.8080496399772616	0.267728552088824
Il2rg	4.4832653388337	7.616288944824644	0.2635543178799173
Immp1l	9.90664197454904	4.483590863514079	0.352210462127254
Impa1	5.525564547904798	5.661577002897252	0.1178422849318105
Ints7	11.37024105721267	10.108479808875916	0.1624742255035728
Ipo11	10.62297751664368	4.5195483184847065	0.1427608756138595
Iqcg	4.92934543215336	2.121231747078276	0.1064850889586661
Iqgap1	1.0824722899056989	2.4228661068905986	0.0726052442683209
Iqgap3	7.550149754274081	4.054821351153159	0.0713984224852944
Ireb2	10.554024745101	7.857006174512607	0.1266417642644633
Irf1	11.03713398728502	2.510192930176556	0.159609178457095
Irf4	11.1111408863994	2.446076433493646	0.18255672518406
Irgm2	8.3147683020078	7.794467741373669	0.3884937032667048
Itga11	0.1413007456211978	2.274227996971703	0.160544789680583
Itgae	9.3136091247871	2.318668887061309	0.1207238889943952
Itgam	8.91621491839487	2.145046143902322	0.172244659180588
Itgb6	5.294859520664501	5.420571139548614	0.1739760168917025
Itgb7	9.43607141687188	3.65030536165613	0.1486264719466745
Itk	8.60543327668038	6.540490592518272	0.2882507181786634
Itm2c	6.818962550799405	3.1191801147047884	0.051804764737057
Itpr2	9.15959636792647	2.670135366087146	0.19574625698795
Jazf1	1.93769458630575	5.071435175245237	0.1532117947019816
Jmjd8	5.682233281938599	2.0734432884663216	0.0606716269551357
Kank1	2.2031428543482807	2.4268176530407763	0.1053695162787109
Kbtbd11	5.465835998788091	3.8681481804042552	0.121618116692559
Kcnf1	1.1177970171476002	2.0454111720090618	0.1008536624545023
Kctd4	1.5648187841547196	2.24805193367531	0.1356316990940509
Kdm4b	6.785746774324101	13.23560232930108	0.1986497220508229
Kif13a	11.7322076736784	2.3422363214257738	0.072386016114879
Kif15	0.81325847441502	2.236064394876881	0.15743998219202
Kif16b	10.01482608732167	2.6162506540709742	0.1394625989692648
Kif18a	3.45834486000771	2.710778979257196	0.251849751158726
Kif21b	8.774749604647685	3.5564853892707857	0.258670070196985
Kif22	3.5276850880531505	3.205258724907848	0.0482428324080066
Kif4	8.533167466128601	3.105418618788665	0.1015465265379531
Klc3	7.434141570730297	2.695731316602585	0.1369258531721742
Klc4	5.50799436439241	4.514706171188066	0.222884629184458
Klf11	6.099606122394199	2.087552918703126	0.0907861464762779
Klhdc7b	7.393311985352701	2.0507688513247344	0.272755879519257
Klhl15	0.67138184465637	6.309473654186305	0.396308300903083
Klhl20	4.341582308240602	3.0208342340298016	0.0886246114747315
Klhl22	9.530155303720262	2.2889053481013453	0.0914894392100932
Klraq1	11.25668363245572	2.329860530541769	0.043434773277019
Klrb1a	5.100662623764899	2.3138068979287287	0.328864598892967
Klre1	10.55934169869588	2.3418666556462395	0.137579651948086
Kpna6	9.6374747394517	2.657279754862776	0.0420421068725612
Kptn	8.388413296877111	2.623446089561256	0.1202295237583672
Krt10	9.59558905140632	2.466959559536364	0.155425642536587
Ky	0.0545954303058007	1.6007776392405162	0.284834514251064
L2hgdh	1.543973049109001	3.208350222200916	0.1197261241507517
LOC106740	8.692857345397318	4.1531828132831095	0.2527993557946887
LOC433944	6.324686809387381	3.3371716485784293	0.2399471572724
Lag3	11.84422206299508	2.2890321388014447	0.149288381945281
Lair1	1.584111151781859	14.392352464515334	0.4374489567425702
Laptm4b	4.214139633401398	2.724971465436837	0.1149814522023879
Larp7	3.357015606480368	2.123026911654113	0.132686919392801
Lass4	4.2070031629984905	3.591456441312306	0.2243134040544717
Lat	4.462295971902972	3.388364095050921	0.2021916544876241
Lck	10.790095479407327	8.98853989857542	0.3367232289066965
Lcp2	10.8184333998672	3.2948318126050777	0.1934142159344746
Lgals12	4.025568169203051	2.159951910126114	0.138109760881923
Lgals3	2.4313827543132014	2.0164556387863244	0.2020333102216009
Lin9	2.9629013636613	24.1653945628917	0.2107594545296154
Lipc	2.2617843662103	2.5518240561778778	0.0193385457776237
Lipg	5.344699293409731	2.617215392339527	0.136265594945946
Lman1	0.5018410913255984	2.76979890874267	0.108182812653796
Lmbr1	2.54348962608252	4.581287053843484	0.2100631396743703
Lnp	2.54435912137648	3.8090101498538087	0.0721141387691477
Lpar3	2.0499508310307	3.75282266341801	0.554740412012723
Lpl	0.5579963602323169	1.9515387273263585	0.363533596021058
Lrch1	3.1801603305753003	2.249759848087232	0.1124873664502181
Lrg1	1.0584264897442424	5.636857800320255	0.5291886648494759
Lrrc14	10.3151519064869	3.050388764301196	0.1411739018968323
Lrrc28	6.2151928945534	4.576700908574708	0.0909575053478844
Lrrc8b	1.6621150803630993	4.164582660386777	0.1571391737238818
Lrrcc1	1.7964791020826398	2.383084225306843	0.414493659053007
Lrrn3	5.46080940177573	6.226543695932358	0.2382833508512097
Ltc4s	4.79975779021327	2.0896917918371094	0.24401378960373
Luc7l	11.1524137155071	2.1480534571238032	0.0599611912762142
Ly6c2	1.1039306359304994	1.936400449368438	0.420207992666235
Ly6d	10.66250653880848	2.6428521981568767	0.185656271132008
Lysmd2	3.3610323898552004	2.483553430443428	0.214179758910227
Mad1l1	6.32199074471251	4.195710737735456	0.0524815168414252
Mad2l2	1.1866896005494	1.827866897281482	0.24328931568811
Man1a	11.331504791926202	3.0553998483457647	0.0957634356980135
Map3k9	8.15253398364635	3.309385820957277	0.1491865661306519
Map4k2	5.103401991238897	2.346971158862488	0.1207451381457657
Map4k5	3.8034836210253022	5.670493811494627	0.1222310829384121
Mapk4	3.2471806561725	3.778560375362476	0.2924591920185619
Mapk8ip3	9.451025937046612	2.510990906549539	0.1173165416460039
Mapk9	1.0803988717727226	4.93382292217573	0.1088933954755107
Mapkapk5	9.197540021357176	3.521413423751152	0.1466103130533773
Mapre1	6.762382898409225	2.1503487387228333	0.0497443821224086
Mapre3	11.83097964445491	2.911149879322244	0.1318117316848855
Marcks	1.7100912780855635	2.5598049034859	0.1957797887240089
Mark3	11.769019629499375	2.717027793696837	0.0653488487786091
Marveld2	10.0497800517633	6.065280609290255	0.1159459406122836
Mast3	6.247520471588899	9.766506857450038	0.2518187818719832
Max	8.77871967450118	3.989770576579032	0.1412240981888715
Maz	0.326289450965944	2.687741791518434	0.0389385541981501
Mblac1	11.76718091625243	9.145220456743576	0.2863117120389336
Mbp	5.6474033094388805	4.6465737773192135	0.1296189397196277
Mbtps2	5.154566930179019	8.724284888426872	0.3886548689664079
Mcm10	8.65136550994075	2.663400023800613	0.0677572082130323
Med11	5.897573506893931	2.7702354148478965	0.143083163833956
Med18	8.404558239600398	24.312898000219885	0.2440528357334018
Mep1a	3.6772275222614006	3.775329273191311	0.1062696545634408
Metrn	3.995583755342352	3.02987722023398	0.37765709263892
Metrnl	3.6634737674819	2.8951357780854643	0.1754922542478615
Mettl4	3.3498391041593933	2.0802454514361344	0.16434680092085
Mettl9	9.30564675394837	3.4699322206167933	0.1211873581575457
Mfsd2a	3.313439152019601	2.3175680499554283	0.0674845160314665
Mfsd2b	4.1736713987593	2.2317369094971418	0.268951673721693
Mif4gd	1.2673790593600998	2.6475592705159445	0.0583193155531559
Miip	5.442491784018598	27.706636663709432	0.2661482805379153
Mir210	8.85485995148	2.4612696476283142	0.8777343146433639
Mis18bp1	9.010029596790927	10.826875928223936	0.2837923630154866
Mlf1ip	11.66654347771449	3.49675191682993	0.2234421826103936
Mlf2	5.738749517676281	2.817821171628954	0.1011432539500906
Mllt11	6.222041678103601	10.264504938686011	0.2610868754909264
Mlxipl	9.26285900906	2.491473853788328	0.1138820489633843
Mmachc	11.31490948084253	2.163463884602371	0.2130433118207799
Mmp28	2.57485137502998	12.395104089026855	0.4835131320050302
Mnt	5.214737875078427	2.344959146196381	0.0649866033568097
Mob1a	10.09479703391088	2.3787801002871864	0.1035558747073712
Mob1b	8.090032640914918	6.291443029396075	0.260690457122257
Morc2a	3.791182124395009	2.3152211675524863	0.0674772618176725
Morc3	1.22957586009972	3.6055380296591855	0.1860921775703968
Morn4	10.71543087600907	4.518023893272476	0.45587912011032
Mosc2	4.8459627962493	2.158608577822701	0.1071075554654724
Mospd3	0.0250576522895102	2.6678840189080737	0.1403906479589128
Mpp7	11.4163066110354	2.7353755763487304	0.0862149613619012
Mrap	7.35921401477772	7.90088844826485	0.0865654750154784
Mras	4.879513264511202	7.245584638441913	0.290929092287742
Mrpl14	1.2612995894896013	2.1933097924543814	0.1135066631144492
Mrpl42	7.83512939719277	2.7728438580394785	0.168712009340382
Mrpl54	4.936958235736811	2.024728527432517	0.115885114041312
Mrps16	0.4978738250096999	3.548825726453725	0.0806082751876489
Mrps26	11.827079284131353	2.2410514931772685	0.07156623262098
Ms4a4b	9.57746721554789	3.5644483016161064	0.5661292137016161
Ms4a6b	9.428560415585933	3.2793004791050886	0.275473533448153
Msl2	0.98381896531889	9.813631365998084	0.1709230154742194
Msln	2.17468826807938	2.267886457052507	0.0840582250116568
Mtmr11	0.3077006537360987	3.174859760808713	0.090316801012424
Mtmr7	2.083347708349601	2.724671700143338	0.191500056870722
Mx2	0.4749129418113498	2.287059139859103	0.47843936025113
Mycbpap	8.0155053871799	5.865321611485768	0.3893860432892073
Myl6b	11.331425855901127	1.902341684382516	0.256744912768457
Myo18a	4.35330228063529	3.726430124872549	0.1612851224687632
Myo1f	4.7596508452481	11.24158268753824	0.2410872129235573
Naa35	4.51545503313739	2.9217477846877227	0.0756075007356922
Nars2	10.47258853063036	2.2469688766155604	0.0898815935445889
Ncapg2	9.65409748847161	3.535765062434973	0.1914476187256598
Nceh1	8.61998540975947	9.871266851794877	0.3255104588717857
Nckap1	10.20632129590259	6.8514992892429145	0.0985496585527829
Ncoa5	0.1551177640776995	6.188425986395798	0.1065174270683076
Ncor2	8.8406873916946	2.5769850331647493	0.0595727807578691
Ndufa2	0.8136601385558002	2.1378435081001586	0.165549297669081
Ndufa6	9.376682023465	4.070510516638532	0.0445145503055798
Neil3	6.755834572957649	2.647152763150726	0.176042137386755
Nelf	2.951081706573399	23.483108992516087	0.442183396665026
Nfyb	1.9692979251803	2.403974416115357	0.1005630321280364
Nhej1	0.3893508100161007	4.807758547021608	0.201686035820682
Nhlrc3	5.0747249583256	4.713778086632865	0.1448782029565463
Nkg7	9.6447889245642	3.776962080398072	0.402409540756439
Nkiras1	7.643385193087939	2.139475372826908	0.1086495020172278
Nkx2-1	2.91062721869971	3.3347909975033674	0.334089321089854
Nkx6-2	0.4570853837513997	3.3068297962292474	0.297860313826835
Nlrc5	11.987364625926896	2.04472844911966	0.21908447165745
Nmral1	1.134348906299347	80.13102819241564	0.0871243419933682
Noa1	7.0816292476303495	2.228228377782445	0.0845191981206434
Nob1	9.48275676360628	2.2702868277536044	0.0734032579199643
Noc3l	11.34314406528166	2.2813519989695124	0.174236075252351
Nol10	4.648566428870556	2.0011505341372766	0.0572084935799352
Nox1	2.62511059839757	1.9878733797591672	0.254331118953843
Npat	4.38303538866926	25.094038317717203	0.2101050700882907
Nrd1	1.27021396973953	2.084317685022438	0.0410209665371998
Nsl1	11.072705270394628	3.523859077174892	0.1778995740321482
Ntan1	10.04881352344124	3.1538512219792585	0.1362816267893025
Nthl1	4.6474559465157	13.83325369206596	0.6847055399096496
Nts	1.1901146555428	2.5753077386046264	0.0917494072602704
Nucb1	11.87406365017268	2.647484361832064	0.1269814036804782
Nucb2	6.828643920957102	2.099968322562124	0.134304347863234
Nucks1	1.1590658629017905	2.558629979464187	0.1376930284506222
Nudt8	7.71545254422417	3.6655560755614	0.1625628690207275
Nufip2	6.29102015301517	5.5917581801979	0.0781548076994529
Numb	7.995573432987079	6.607416319629366	0.1480293267141732
Nup153	8.681855515473002	4.4329614848040455	0.1230333606332343
Nusap1	2.68871402490191	8.970999618049003	0.205114624530872
Nutf2	4.7035336054842	2.2132636728026207	0.25659689233249
Oaz2	11.82651578508105	3.784881113748848	0.1438904861742901
Ocel1	9.93426577345117	17.036228282025668	0.0919072902836969
Ogfod2	2.41456807216618	4.031618365031331	0.1500270204317716
Ogg1	5.8005305433047605	2.3652489098400555	0.0659440176623958
Olfr165	7.501842340851109	6.670893601646493	0.3243726651569794
Olfr56	1.3512843004133115	1.9710854755437632	0.228170291985282
Ormdl3	2.1742477599004992	77.78101370132639	0.3356453058847271
Os9	9.85189441066628	2.8073896506541614	0.1272850337886561
Osbpl1a	5.297622165099998	1.844322425768459	0.2257771694597509
Osbpl3	0.7447243691569003	2.0494550807213177	0.228103849041857
Osbpl9	2.4466810827938	2.7666747503753752	0.0728206555100108
Otud6b	11.15985117216065	2.141620670758424	0.0809635893480102
Ovol2	0.8754502206999994	2.112903457661548	0.150308399593995
P2rx7	11.511201748186467	8.063459298051281	0.1711739905378108
P2ry1	11.61633817394744	3.457812295715232	0.1032900107888311
P2ry14	8.9556993868059	1.7089078394037858	0.2147003734496889
Paf1	11.41987761920884	3.386824036412825	0.0703668778926294
Paics	1.4184647069829204	2.172058912856503	0.1128774134398023
Paip2	1.91531078253166	2.673424557455019	0.1563114739298611
Parp11	8.13596970931639	3.582305909109409	0.1278057673448631
Pcbd1	10.37417858416076	2.506849765423089	0.0849207153044419
Pck1	5.4722375932409	1.6497724396282267	0.396116432387674
Pck2	8.5469456025624	3.0715497025364584	0.1983019613007818
Pcnx	2.4456454523327	6.392995793847392	0.1936480399043433
Pcp2	11.800919020332795	2.020491099696927	0.257678686054868
Pcyt1a	0.16551599144785	5.4149441312599205	0.1111904107446804
Pcyt2	2.9175178063738	4.848659811042872	0.2682230356187741
Pdcl	7.50010246870873	4.892595961113677	0.2391374576314492
Pde4b	1.8679308928446008	2.9931184610595407	0.2156720449307679
Pde4d	2.6369995142125013	4.037455324910492	0.0329077000054652
Pdik1l	8.6791446591059	2.614926074615646	0.0697920081253144
Pdk2	1.1811218750171992	3.1876302255638067	0.296702426168866
Pdlim2	5.982743921431453	5.190726261399806	0.1858643329062363
Pdp2	1.1461576592791616	7.47261800967968	0.1247803505111903
Pelp1	3.2269917109819346	3.816690966470755	0.0935005590252013
Pes1	11.218242189714331	2.365073724492228	0.0528435922822177
Pet112l	3.5234312912459007	2.447320027017198	0.1001947371890652
Pex3	4.26204321871122	2.751604916460996	0.1644781738573479
Pfdn1	5.740881004821	2.958797637063753	0.0901178040540399
Pfkfb2	2.3151977735310982	3.6836982591134433	0.295427376728314
Pgap1	1.7702868856103304	1.952053134187348	0.2632604639961929
Pgcp	8.028101301229599	2.559695140990492	0.0850359458065442
Pgrmc1	0.0329300441370996	5.488327582852905	0.057245112492143
Pgrmc2	3.961019308753556	2.55228391286099	0.0553939504723558
Phc3	9.37420083971728	3.756908918484268	0.0486724217189006
Phf15	0.7983191565437	2.297523572754442	0.0513600344584383
Phf20	4.100957948270501	2.740409846602726	0.0502572190599698
Phgdh	3.285775137418298	3.347256458496472	0.259648859565802
Phkb	6.08536144179342	2.6660101592388123	0.0247818502234316
Phlpp2	5.153415723371701	3.683569896658554	0.1516597303644755
Phospho2	9.630497864949298	2.58360893007101	0.1099939278679996
Phrf1	2.5572772309689	3.7986596983528766	0.1039449901943036
Pias2	0.941630910397253	4.696092377065816	0.1193458030787442
Pick1	11.4026222045186	2.4703361979454286	0.0697216671301443
Pigf	1.1507697043599932	3.006280131993374	0.1530223941918908
Pigg	7.798737907168849	2.263508739620544	0.061525306982423
Pigm	9.97855463520628	2.687212409537188	0.0314618896527374
Pigw	7.07729412898526	2.2187780732871785	0.160116234993442
Pik3cd	8.600763742274399	2.159067024764256	0.0955211796811596
Pisd	0.0111066517208016	2.0179860355921027	0.218479354113757
Pisd-ps1	5.34171493057185	3.5752441374481827	0.3076894282563189
Pisd-ps2	7.165500038811899	2.8280417692316293	0.1549907231393152
Pisd-ps3	8.6591311688557	5.777630697200611	0.2139881168272865
Pla2g2e	0.939253108359841	4.021693382788023	0.4900208779018259
Pla2g4a	7.4711589432298595	2.5427921735996954	0.1250130681344509
Pla2g4c	0.1787441259476789	1.1649146894354143	0.2171916620790899
Plagl2	7.754187343953161	2.1630981799085376	0.0843776851377821
Pld1	0.0609373498716987	3.8268234393143423	0.1231126646899256
Plek	1.2431528189601098	2.002544291612853	0.105995185130264
Plekhg6	11.18923341758057	3.233187961992791	0.2083860880382991
Plk2	0.7481151817159493	2.1595830386669728	0.2403928011522439
Pmm1	11.10792723035136	3.9411578508887097	0.517838275875554
Pms2	11.492204468523802	4.505237626117438	0.2428089668053662
Pnpla6	7.018997693057701	14.364407980269014	0.1320588495370993
Pnpla7	11.955175347520347	5.109741316460153	0.4037370289363841
Pnpo	3.1800995934487	9.116288378413811	0.2267761429215463
Podn	8.0861254052304	2.7606955304793552	0.1640144246608852
Polr2f	4.72263872121366	3.872886979941293	0.158156281055217
Polr2m	9.21525346295634	4.853236020335828	0.1341928009160448
Polr3k	6.257401891501392	3.756852142924829	0.2534454889893791
Pop7	10.71646365915636	12.105882214491311	0.203917549068837
Ppap2b	0.115926046553799	2.5185248535632687	0.1607112366944509
Ppie	0.8507391601524983	2.80177358882554	0.0732762960841231
Ppm1m	11.378659008436909	3.0594940786747795	0.253457801624866
Ppp1cb	3.4017114947710496	13.986776559405625	0.2635044111361992
Ppp1r10	4.002234709322959	4.573771804487483	0.2085456953055967
Ppp1r11	11.41130968521655	2.197151128724216	0.0468881686009033
Ppp1r16b	10.80345389594872	2.951101465005918	0.0751783051445419
Ppp1r18	2.375369916399201	2.254357774773999	0.159015883169474
Ppp1r32	8.334868259960947	2.4585601986595864	0.0643396580994604
Ppp2r1b	9.123670443595053	4.782605614135041	0.1308270806169403
Ppp2r2d	4.7228585307315	2.02868976733186	0.0719957791591282
Ppp2r3c	0.94587435655984	3.521133041075285	0.1928932983593649
Ppp2r5b	3.2890570049969607	2.509915774763224	0.0985394667877839
Ppp3r1	4.19250536109643	3.558629246860725	0.1179857945980223
Ppt1	3.094820476366671	5.917511590811806	0.2086098600651161
Ppt2	4.4180778856366985	2.56487574915959	0.09783904229165
Prap1	2.1866201764783995	3.3208522485500085	0.1791294018979911
Prdm9	10.13646492537719	5.074661344524342	0.2533929464791064
Prepl	2.287896990656	5.193992905161207	0.2863829056538583
Prkdc	10.10875262384611	2.765937149410089	0.1089119870898839
Prkrip1	10.884076479998871	2.5925033268113755	0.169097796544411
Prpf4	10.5405918377939	3.8923832109245504	0.1800526014694242
Prpf40a	0.3398355700630602	2.947288914625758	0.1546609817603642
Prss48	3.37453220113024	5.099612482411252	0.3017916057506733
Psma1	9.2691398928663	5.40619263669089	0.1717645003107315
Psmc6	11.011914963739464	3.4658733196732774	0.0489440264745228
Psmd8	0.2461048592831005	2.465023778474419	0.0811117279080897
Pstpip1	11.508798211571593	9.942707920588347	0.3281159080923136
Ptcd3	9.86174932651997	3.409635563576084	0.1338005462618969
Ptgr1	1.2862042263889002	1.8613426368317043	0.207706750388398
Ptpn3	3.1866568445772003	8.532073747914998	0.1500676673886376
Ptpn4	2.060609917702248	4.03138921576222	0.2629010442943409
Ptprcap	5.187918458230438	2.177355217374464	0.156222802045148
Pts	7.611565163785656	3.966726478054009	0.1177279698674333
Pygl	8.72299892263015	5.211207685416835	0.1746392289193871
Pyroxd2	1.38500594999448	2.817944101205472	0.2498665603468479
Qser1	0.4384410410841699	3.292126078940655	0.2165317597951407
R3hdm1	7.413661549410801	5.545005871372293	0.0880595399984857
Rab11fip3	5.76850405272092	2.625181243224916	0.1367596129691992
Rab13	10.685071101788012	2.20151636312876	0.140701215804639
Rab2b	6.6930290868818005	10.077800160635524	0.1728070604193365
Rad18	10.90642547000098	2.2464097393664866	0.192769094264295
Rala	1.5506231604043053	3.9753626791328056	0.0622460355261541
Ralgapa1	8.87532578485739	2.95790918770368	0.0836656703472898
Rarb	1.1084669173199977	3.6336330535912897	0.1933183350682887
Rasgrp1	8.1468992769763	4.920395154040933	0.2903211576402409
Rassf4	7.03313442193676	2.835709055307088	0.1753689564351493
Rassf7	10.053450518091818	3.620427126941165	0.224793816081735
Rbl1	5.42050053388435	3.1018916250704542	0.0952541530580129
Rbm17	1.67504649582591	2.070534380588488	0.0879579699072496
Rbm22	5.467174829693521	2.2819884036975413	0.053493701873437
Rbm27	6.4822040703290345	3.3322081239942487	0.0794836804446339
Rbm34	7.494345469552149	2.120137887399381	0.115785311185021
Rbm5	11.34674761836365	2.2547320747676047	0.084582292243612
Rbms1	3.6364250750672	2.72822787435899	0.0841752185006276
Rbp2	1.924154380582399	1.6805890614619514	0.2330465703068999
Rbpj	8.397372511859755	6.836739327947815	0.1772731389990612
Rbpms2	5.228367270293102	3.684146962217496	0.305015954157403
Rcan1	11.440607801217142	2.9766212593721826	0.2064424476765919
Rcbtb1	7.932951602364071	2.035478976252332	0.0408627950348831
Rcn1	4.52950147235741	3.736233098744569	0.1425512163948395
Rcn2	3.84584579646244	13.605367728073883	0.1276610111236011
Rec8	2.196477117568598	2.3174224639436143	0.206611979545481
Reg4	1.2859844538229996	2.0761424856434463	0.245147135038523
Rela	8.10930491507759	3.388117735957912	0.1115547548931208
Rft1	5.442254852552041	2.761326772843028	0.2229025608095959
Rgl3	0.1204558237421995	2.2101155417051714	0.2033196013250759
Rgs13	1.6577327735378011	2.3014641812624315	0.3095329071025761
Rgs4	9.439569798283236	3.7398443660760368	0.238534688990691
Rhob	2.4923213867571	2.184635753773454	0.148694549444173
Rhod	1.5587936772116002	3.782826681297607	0.2081158381626071
Rhox8	7.615807491127771	1.6493532422123998	0.216532715443231
Rilp	6.502113531598599	8.945793595140792	0.3399555734758545
Rims2	10.466674433172198	13.141917482544184	0.3381568088191695
Rnase6	7.928545864506159	5.959450862020134	0.2674366104765583
Rnf139	11.89631500448273	9.663481338880787	0.2391100830848904
Rnf19a	11.69508797781008	2.054151053581078	0.023137974649375
Rnf214	9.97658727904918	3.534603347431004	0.1172169827905999
Rnf215	3.1088882682850016	3.409779454639004	0.1219501053217237
Rnf25	5.6484021548199	8.137643221844561	0.1640436154300878
Rnpc3	2.10752078933734	3.4871859114053625	0.270701961797879
Rnpep	8.89733309540626	5.446449319793923	0.1117998550876047
Rnu11	6.005408284103698	1.5164213340900163	0.455931683982081
Rps15a-ps4	11.02593827280593	2.356898483896042	0.277855955207633
Rps19-ps3	6.699352247317389	1.6450839526874828	0.20657111665445
Rps27	3.0393518115372995	1.5250508713501445	0.62520080685819
Rps6ka4	3.4427928706657287	2.3946237197939286	0.141527761531869
Rps6kb2	10.081741620702491	2.4278313793725523	0.0593714065539856
Rps6kl1	8.9812559078424	2.28796855026283	0.1023050791035526
Rpusd3	9.064873417540849	4.415665821597336	0.2021935128435893
Rras	4.855154286299721	4.723223517404563	0.2928043844767157
Rrp1b	3.1320910553969004	4.487870619835047	0.1085907175999649
Rsl1	1.670189334306432	2.0265812283563265	0.156292621294801
Rtn4	6.28934648987467	2.24132912197272	0.0802634377008273
Runx2	3.4125807202735	6.002896743223895	0.1352403017982922
Runx3	1.155338723144201	3.112585108417977	0.279098135219762
S100a10	1.8354203959389004	5.689987258174076	0.2105977052890335
S100a11	9.446317496451028	8.153826982517469	0.3129034436950121
Samhd1	6.65047215440871	3.1269004726963443	0.1611172449988732
Sap18	10.131526261765671	3.260060783196404	0.1589190813487448
Sap30l	11.267246745819593	8.078030083678273	0.1569425329544574
Sass6	1.252145634144727	5.491967114336938	0.1630692680538201
Scamp5	3.0552010954443	3.333996066759702	0.1925320775919702
Scarf1	0.2663678974743	3.596565845315133	0.2303667637005427
Scarna13	8.7959629542961	2.389798916423512	0.162098875968322
Scarna6	10.219296841693213	2.473822713235101	0.5642346700686369
Scfd2	4.30465184383705	7.606714618185814	0.0422984966753283
Scgb3a1	8.56513972340244	1.480209666343939	0.239255803824232
Scyl2	11.897504994051875	2.496073359835324	0.0652310565866952
Sdcbp2	11.6087279279322	2.4999644173007627	0.1224112036368406
Sdccag3	1.3614299265491	2.6017514572553	0.0721354318423397
Sec11a	9.246074460665916	2.0930750220759213	0.0550766249958629
Sec13	3.9557168861395	3.2985360302332065	0.1172747927952537
Sec14l1	0.9783838906680024	2.264269966323824	0.19995445305041
Sec23ip	4.6722161339476695	2.33596604957921	0.0258262384019319
Sema4d	5.3051559563564	7.596247079344386	0.0841494119540328
Sema6a	6.937897432939721	2.005255364010844	0.0799359050513222
Senp7	1.32620301693209	3.911226588482936	0.1311695894260922
Serf1	4.13406569106824	2.1344526571594686	0.147894753803979
Serpinb9	10.327872174232184	8.878559060250964	0.4919237061504578
Setd6	4.310215844350623	2.424905000453834	0.155341260090185
Sfi1	10.02119081176035	3.757457058757432	0.174311605074699
Sfxn1	1.7996404514159998	2.789206699924886	0.181681088435533
Sfxn3	11.252111268065727	3.697600812267597	0.2107948501721697
Sgk1	0.4264155903918993	1.4783122099178807	0.2023530293641
Sgol2	2.976395297624335	3.84952819913155	0.0805513864173265
Sgpp1	5.65858594116576	2.737577468017576	0.217875134437245
Sh2d2a	5.799802206994299	4.5383885505567605	0.143548392036348
Siah1b	8.96902848703635	2.402683043389229	0.2374222915266129
Sik3	5.138972215322301	2.570544287726131	0.1426449009584076
Sirt2	11.0512124405394	3.91658175357402	0.0937576139578725
Sirt4	1.324965908973498	2.3858161566270644	0.218797169334695
Skap1	8.6876402139793	2.396711637186209	0.166864573832814
Sla	6.673040980802501	3.6432978055242966	0.199440304771937
Slain1	8.05860648897259	2.5427354585226567	0.0496877497125677
Slc16a4	0.3955744902437992	2.9441347980451376	0.1752752991154014
Slc16a6	8.033181085335139	2.647390945641644	0.0317245716481145
Slc25a14	2.24909230993498	2.5547185834398314	0.1052731769914734
Slc25a2	11.71346626219023	4.829181899670905	0.3099212242861664
Slc25a47	8.06755139841203	10.26164112363726	0.557961149789779
Slc26a1	11.12866566110017	4.126991228734797	0.334114243447865
Slc27a1	7.670978698118414	7.666358552230094	0.2851619514938499
Slc28a1	9.87062753932066	3.6427444845705033	0.713213135332756
Slc28a3	7.446007364253399	4.278642053976538	0.2948398300784346
Slc35d1	11.12017616197397	3.801276378802735	0.1060925821896318
Slc35e3	10.536361388195957	2.671331633548288	0.0533890091973317
Slc38a10	8.91442811805838	2.265980511628536	0.0627359187946393
Slc39a6	3.171977841728348	3.2206073100332504	0.163203387802983
Slc39a8	2.30920357341926	2.0679461609375864	0.2104019823254989
Slc41a1	5.273431731061219	3.596612018819235	0.1825162843309072
Slc41a3	5.356533513133531	4.413957931292369	0.2171852824402161
Slc47a1	3.5473995610707	1.7413792150225174	0.241996398827611
Slc52a3	0.2879551847251989	4.860408097672615	0.07418697865481
Slc6a9	7.1491481716203005	2.501790394370983	0.181132913980712
Slc7a5	4.582470352139698	2.389123482529146	0.309420029826453
Slc9a3	7.2918109374562015	1.7106453063102165	0.20547147546157
Slc9a6	6.332317806628758	7.294330773301304	0.2301028636074122
Slfn2	1.30415919779694	2.4211876212383334	0.316019489584546
Slitrk6	1.1160623154611202	4.353657624889991	0.42110821241437
Smn1	10.9987952026054	2.598876089522362	0.0497227312036793
Smu1	11.5702476856145	3.669000698715195	0.1211596506020966
Smurf2	3.9230419806554977	2.6464867235263085	0.0516103180159895
Snap29	1.1265397097944714	3.268069671054098	0.1108484217543429
Snapc5	11.85978314187235	13.73830893456514	0.134586504309643
Snora23	1.289097048547399	3.082054955550086	0.97280575860194
Snora52	3.5947682637500016	1.8960745667563093	0.669090379079763
Snora68	4.51863309216349	3.9420479461970426	0.9230931927748928
Snora74a	11.6782214247283	1.7330010801019609	0.472048377820603
Snora78	1.4043701906501802	2.020707364223576	0.2101178685536539
Snord15b	11.00415969700926	3.218028003012204	0.449405550777095
Snx14	10.44537688475555	3.38312051053054	0.152655168830714
Snx24	3.235366874156509	3.1476972310673768	0.152179827227243
Snx3	11.6336023694652	3.076717560413713	0.040118622347639
Snx33	1.6563806389796003	2.031735322213558	0.0814194090310466
Snx7	0.1960278009023994	3.896242050764557	0.122247880159914
Soat2	9.4181963904026	2.5978589689543266	0.0598830515991147
Sorl1	11.758263150229697	6.143837536080373	0.1067741479214631
Sox13	11.47407933338764	2.093392927460048	0.118538909660297
Spag1	6.385490269995101	2.480473201152438	0.1960818886557409
Spata24	6.23394727384007	2.396230119663055	0.261841987040735
Spib	0.9067042647774805	5.8675786722794445	0.3457074212093836
Spire1	2.1271740114796014	2.1084331105481264	0.14740682180251
Spns3	3.9848619908317993	2.319113697025639	0.1053854724556769
Spry1	3.6223399273627095	5.256910234764596	0.1114078543561047
Spty2d1	2.8975581120453526	8.703222714330282	0.0594345148056417
Sra1	4.876925496935503	4.324279659333874	0.0660264363605352
Src	11.21235032938721	2.663869792399177	0.0865086711694352
Srd5a2	9.606128444046938	1.723581240742154	0.231081519577308
Srgap2	1.4531821862755017	2.0188701272272493	0.0774881600425708
Srp68	3.4985865544417987	2.353142326284466	0.1366412271394
Sssca1	0.0954642185218097	5.7093286140504285	0.3340227708385392
St14	6.764082583491483	2.2195558326515665	0.1135074380308288
St3gal5	0.026034575813199	2.374953771557613	0.268921101992752
St3gal6	10.93029536989044	7.130621399967841	0.3626115613380906
St6galnac4	4.1090219963253	3.673045747226976	0.2636085928200174
Stard5	11.39521178777592	2.0713083420180403	0.0732195377809231
Stat1	9.964160488281289	3.996705168161885	0.2195593611049592
Stat4	4.14408079086002	3.394373606682646	0.1120938402017645
Stat5a	0.5069651783033	2.209214029507192	0.149343049438147
Steap1	0.083281242189769	4.953206245568667	0.8617219546451951
Steap2	1.583749996460988	8.384185181822248	0.2394991805599179
Stil	10.95135691169022	3.631909416249364	0.2085293133979867
Stk10	4.444976656975401	5.487214398233996	0.3767947510696131
Strbp	9.26860880073513	3.671611040083474	0.0558192171808737
Stub1	10.80294281083139	2.214423574936894	0.0450394145235581
Stx19	4.974030310728599	4.122281237081606	0.328008657347375
Sugt1	11.24230872624661	3.0793154911245564	0.110710026490416
Sult1b1	8.1880075620725	4.0321748142927065	0.1203174384127148
Surf2	5.77328463766773	2.349336811090332	0.206949982789799
Susd3	7.349946115594301	3.2493050439926625	0.251144649385054
Sytl2	10.3181816746545	2.0958818095717264	0.1084399791390398
Sytl3	1.3768890665013984	2.23347538465768	0.143354340606162
Taf2	2.5763134388659905	2.462998489243406	0.1149976710043638
Taf4a	0.3275533388558003	3.768857964103442	0.1084579486325493
Taf5	10.163039405394	2.435582362982903	0.0908437296785788
Tank	0.1285325255620897	3.409750296731432	0.177283917530395
Taok2	4.836579066823202	3.6168582036265473	0.1408607674347234
Tars	8.0111419705849	3.396331896999759	0.0927889268599637
Tatdn1	0.1933978857715708	2.631502493299162	0.173301719935759
Tatdn3	5.258838231046301	6.7352695116584815	0.2824321805787731
Tbc1d2	10.785842680318542	2.480808074499791	0.1336699994333494
Tbc1d23	6.354214843001049	2.228023360411181	0.0413221692047994
Tbc1d8b	7.398803919169399	5.26774612336868	0.1973979714521426
Tbcb	9.67329332498695	3.9595618007325486	0.1687858538831081
Tbce	11.895823437404898	2.2447781448149624	0.1006547254259641
Tbk1	8.944281298906615	3.951902390213425	0.1637791216298565
Tbl1x	5.251578619776829	2.108795200682412	0.0190096828696872
Tdp2	6.39707518300164	3.326921230546004	0.2075698782718685
Terc	11.54358902655077	2.7311521447125955	0.509358970455497
Terf2ip	10.1392066308436	3.4052194793892645	0.0928848035773042
Tex19.2	5.3712019362011	2.9375317277494988	0.0232086942311172
Tfam	6.69819142166606	4.603830464289112	0.1150482647456157
Tfb2m	11.80657707892399	2.894755857622944	0.251258983207377
Tfcp2l1	0.1926465862166999	1.8435257236714275	0.263093676979839
Tfpi2	0.85693685578243	2.352347520409697	0.253705006895861
Tgfbrap1	10.78539545817448	18.127207132035984	0.0822763184190242
Tgoln1	2.98392157457273	4.777187144062819	0.1698431727597138
Tgtp2	9.2899908834528	3.338185918671304	0.289630082828446
Thoc3	2.142100898454656	63.04299970831554	0.2107209796732233
Thumpd1	4.744159371447193	2.0012003108586085	0.1140285005432739
Tiam1	5.20806645551278	6.721107937281989	0.1261654320302345
Tifa	1.4957388824633802	1.9084891194848663	0.276340154799881
Tigit	2.1056579928481973	2.36338112113377	0.175503711751772
Timm10	10.396044732690669	2.6770475429035043	0.1617224332774217
Tinag	5.02163414501102	7.59875129831481	0.1833189746124455
Tiprl	3.62931174464466	11.186219750178786	0.1004802377226491
Tirap	6.714359601125629	2.820209816381017	0.0970140559819285
Tm2d2	4.113081014197402	2.148783883933602	0.0341994830910492
Tmbim1	9.27937021509762	2.462423982758579	0.0827427566468166
Tmcc1	0.8441099146371016	2.384611026254479	0.1170746029061572
Tmco1	10.9772375290356	3.1721133350256614	0.1295357160824584
Tmed1	7.48755589785989	2.1971028932403645	0.131533633082863
Tmem120a	0.7596861339970999	2.2645324075615445	0.143133881296081
Tmem126b	10.02573684386316	4.215168180153408	0.2735553419722246
Tmem149	11.89984772708613	47.983277318534405	0.1827118975521164
Tmem168	11.30853891236004	2.036061061874095	0.1008972447320274
Tmem170b	10.43805898971061	3.6823216548633138	0.1235837587870317
Tmem173	3.038168835112991	2.005584692506608	0.120868130520073
Tmem184c	5.467181917744597	7.14527999430291	0.2779838983814568
Tmem191c	10.4599102803559	3.0010444760377504	0.1058112200274664
Tmem208	11.30168496966128	2.917863590990948	0.1801833758484786
Tmem209	1.65429871909139	2.399240177400733	0.1011519517815034
Tmem41a	5.1321502936249	3.290477671992208	0.0635848602081607
Tmem5	9.65071959485366	5.149408382910502	0.3089683698239969
Tmem65	2.70461152791402	2.8391308892915617	0.212444002834814
Tmem68	10.03072369586854	5.201423808224511	0.236907503734005
Tmem93	7.718454544827672	3.703934432712579	0.2066124111772589
Tmppe	8.33894536536947	5.119589740458721	0.0409945463811871
Tmsb4x	10.600799925188776	2.3701550532637734	0.0899234748754291
Tnfaip8l2	1.7886761785049998	2.05748099499042	0.121649568279254
Tnfrsf13b	0.8477765005366003	6.913217713690805	0.1635599135583408
Tnfrsf25	8.378696590349202	1.9830548263721448	0.21272050253418
Tnik	9.8581625550923	13.484490946204645	0.2373862563073024
Tnnt1	5.43463112261778	2.2755750236024928	0.438416896255111
Tnpo3	9.12513979570973	4.238146584210516	0.1115685778104106
Tor2a	7.028399912803099	2.1683764544381154	0.0937922298106358
Tpp2	11.977599741567964	2.5750849374886906	0.0919163591864276
Tpt1	0.3285377715787305	2.59782070047571	0.049953035098727
Tradd	7.731790789097582	2.129485460117549	0.1020904163896039
Trappc5	2.37359992300528	5.265285758836864	0.0779964212771895
Trappc8	8.51308525730727	12.084007931864113	0.1009740616580967
Trim23	5.749037321529581	5.384145937894765	0.465482307736165
Trim27	9.634907370351602	3.0269486334452727	0.0834148191747684
Trim34b	0.9848388214499	5.300193852012445	0.0967783548618808
Trim39	10.673329580036002	6.58212900287531	0.2036159869253243
Trim59	8.389396440291968	3.8228792031571737	0.2730533157567688
Trmt5	11.20067385273562	2.829624284788347	0.0806497793466924
Trmt6	10.07009007776736	2.2326434412962883	0.0267725202991241
Tshz1	2.310530994525001	3.4219795554047185	0.1390437107004503
Tsn	2.9044136246199983	2.645368860563224	0.0911308381653766
Tspan32	3.1043928122196007	10.44496431943266	0.2094641260802812
Tspo2	6.649722621803008	2.162029099914812	0.0831818357900267
Tsr2	11.22915702841877	2.4789265496128903	0.0995504426051495
Tssk4	5.4193213741083	2.3384266023109603	0.278617488761515
Tstd2	11.7378602701504	2.1026241609141825	0.0512955300160592
Ttc16	4.4418403831652	34.38906162795118	0.7832140490600964
Ttc9c	9.49204214034344	3.9071737944634406	0.170742100800685
Ttll2	9.7433223775473	7.397562501538737	0.293457506306724
Tubb2a	4.2088823414845	2.750752658490455	0.3384335212121149
Tubgcp4	2.6762526433156	2.3129786029839527	0.0847541345398247
Twf2	9.67541702029826	5.568632303978872	0.1500018745975334
Txndc12	1.0931866256372018	5.889532722129882	0.0936022537610279
Txnip	0.3832155714553025	2.794499471318288	0.111596594633594
U2af1l4	10.0076576109368	8.706702888394029	0.1407115202492945
Ubap1	9.61044431245518	2.562830731495048	0.0916149063117403
Ube2d3	6.465040543834832	2.15482735877012	0.1046396095325133
Ube2k	3.7856320854720975	4.517011558273021	0.0805183394637195
Ube2l6	4.7595982406244985	6.76763685180065	0.1616649507114528
Ube2n	10.27052358415212	5.925304733264757	0.1348772682981302
Ube2q1	9.19236102850233	2.015909630119056	0.0931782536186619
Ube2v2	11.57879020720167	2.7648389180377144	0.251099531539463
Ubr2	3.4796680237916995	6.039905538326113	0.1069037797656163
Ubr7	1.9869729366140003	4.428341294202438	0.1005353261065243
Ugt1a5	0.9532218210833	3.9486018074450144	0.460603666761791
Unc50	5.1894233158112	5.682794596094559	0.1840186342947092
Unc93b1	2.607411134319001	9.087221329361888	0.20789898989319
Upb1	4.886252277824999	1.820155291559944	0.219344753965157
Uqcrh	4.568456331604341	2.288295088333393	0.145871022235993
Use1	10.12608494901918	4.579146768402023	0.1287277661023215
Usp18	7.214072641486841	2.015364114827742	0.2047595614584979
Usp34	1.57794760964792	10.157628080682958	0.1452878518705489
Usp35	5.2954915977616	2.4378372883189416	0.286050257260787
Usp46	2.4911985480881427	4.563618458544604	0.0755052762983768
Utp14b	1.1229752750418989	9.28299370034424	0.2806852001614667
Utrn	7.57480511643242	3.129748089854885	0.1186347860439385
Uxs1	11.07253836811449	2.091937130177182	0.0887878586350427
Vaultrc5	6.4798276298414805	2.406654805265813	0.455004480136766
Vegfb	2.70064548100933	3.224261448269082	0.0605727463169466
Veph1	9.6322856623602	2.6134541020428816	0.1408648957535116
Vil1	4.382747494239702	2.6528228313783018	0.1605801443536513
Vmn2r-ps129	3.7908920252438	3.133845324271472	0.1777817145783003
Vps16	7.15814952129222	3.150408356333128	0.0765529199039521
Vps36	10.41571974361132	3.16305235155305	0.0774316468502659
Vps37a	11.088162124515698	2.752788016546079	0.0707744067721154
Vps4a	5.891911859411049	2.1049915309567373	0.0913207446563209
Wdfy3	9.454951225514666	2.515871208972912	0.0385845108957109
Wdr33	1.05454388703581	2.32162445363867	0.0772036854600867
Wdr34	7.6421451424052	3.750660723189099	0.1047917897512546
Wdr4	1.2482374526260005	3.517528324941797	0.1237631466167158
Wdr89	9.12660293478629	2.011522241969521	0.0652845970742325
Wipf3	8.8868315872946	7.226150724576051	0.2093971801074353
Wnk2	2.7735070551686896	10.447783471360742	0.168640955492293
Wwc2	7.367723711144102	4.431337682029256	0.206441363627287
Wwp1	2.0363505760460487	4.072103797992551	0.1128294985611692
Xlr4a	2.0032576207911994	5.818113085510678	0.3522202276278719
Yaf2	6.934417739135991	6.062487742166829	0.1526626667660966
Yars	1.1203279529040024	6.141730953102804	0.179856725409597
Ybey	5.857051850332439	2.380617491221866	0.1316315481550592
Yeats2	11.6637195738639	2.749358201761261	0.0611246410949329
Zadh2	6.002064482499801	2.082679080288905	0.0283278207352418
Zbtb24	11.716759137758348	3.0894356942688965	0.0862055184375455
Zbtb38	5.958602879253899	3.7050927831886207	0.1210623443388368
Zbtb8os	10.99913792927551	3.892748180164472	0.1533305330430483
Zc3h14	9.772942781199289	2.2856559569190327	0.039284005327325
Zc3hav1	2.797950503249101	5.67472433938437	0.1610322784452083
Zc3hc1	10.93232381591466	4.245260234032412	0.0799269506116838
Zcchc10	2.41756050757321	2.001172644266885	0.206606066799931
Zcchc4	6.0913042501963695	4.57745002589362	0.1676284383450458
Zcchc9	0.6998330314576009	4.189581600552269	0.2181336594849867
Zdhhc15	3.9534112391442	2.9571017348719724	0.229765760940057
Zdhhc17	0.0773967353588895	5.2894600416756745	0.1713707271791109
Zdhhc4	1.2497671907276509	2.1610424064322915	0.0841453372751507
Zfand2b	10.076406168319998	12.076679761478935	0.1217399617520434
Zfp236	7.068592976646201	2.022436541468768	0.1001767247847007
Zfp259	3.775778748848501	2.158265064384667	0.0881070127020888
Zfp276	7.966889708758809	2.871428127107277	0.1292025689022932
Zfp280c	4.74444416206579	2.750630601003566	0.260809887070449
Zfp335	1.844564104596099	2.772483452438857	0.063028077804745
Zfp341	11.958552203145311	3.478226004719009	0.2171029693831103
Zfp407	11.396881131035563	2.036345353740092	0.0785203497033948
Zfp442	6.769072126345048	3.265101022785559	0.1425618981573786
Zfp46	10.81201864603782	6.069698118347547	0.1445901060834903
Zfp503	9.50303758339299	4.082224288810034	0.1747506816946951
Zfp51	0.0126050131428399	2.6110367850021547	0.1442221956667351
Zfp511	0.6881713988348999	3.717406888223714	0.1825093836432808
Zfp518a	0.2573787878014401	4.617859377246575	0.202191781805933
Zfp553	11.540700072939982	2.2737966628478863	0.0652633597083691
Zfp607	2.44748832346432	3.150153403597425	0.2082814964600198
Zfp655	0.1791085135816885	2.3374252128718687	0.1049510646220222
Zfp677	4.840436615859481	3.4701714357864795	0.3689860787231119
Zfp777	10.68161749151353	2.3798839610241926	0.0973604921963958
Zfp862	2.822055628423101	3.413658286606935	0.347544189908494
Zfp871	1.19909766922003	3.6164268813250535	0.1351967463550349
Zfp947	1.1348711718819795	2.4899541318692577	0.258936562976093
Zfp951	5.7198540542489305	5.994281261310158	0.2438189450095234
Zfp953	4.956525258505998	2.4807281411899007	0.1194548963009984
Zfp959	1.1094247120456897	7.797911603634706	0.4466278715567719
Zfpm1	5.4481566592642	2.664716198336918	0.154777653851565
Zfx	9.39977753162472	2.765745809190615	0.0810411172268641
Zkscan5	5.370271857881301	6.702436130945114	0.1677457752447439
Zmynd15	0.6411684478081998	2.394795918718156	0.187581568567272
Znhit1	7.582987393734001	3.5715133444023994	0.1951787613755751
Znhit6	3.93395316353537	7.207023224615002	0.1171923401777667
Zxdc	2.0211550139759	2.2155782161967843	0.0655557715845166
