CycID	meta2d_phase_diff	meta2d_rAMP_diff	meta2d_rAMP_diff_sub
0610009D07Rik	9.20583887178896	42.45521975732265	0.1062210082962947
0610012H03Rik	3.0158314361718004	2.291968677049121	0.15878266636973
1110003E01Rik	1.6785799908906602	2.58594516717956	0.0669722438616363
1110005A03Rik	2.480194795727183	7.385786864174271	0.172683524607977
1110020G09Rik	1.2686590342637205	2.045221295427485	0.2048284308507119
1110031I02Rik	5.105178445517409	2.5994615303237527	0.1151014475918859
1110032A04Rik	8.832156970257401	2.130153032303468	0.0930375405920755
1110038B12Rik	5.48685964661191	2.830745343837298	0.1070536381178842
1110059G10Rik	0.9274417194410502	3.4394584434233426	0.0859165082166158
1190005I06Rik	4.209698597482281	3.318389377658367	0.0784992813957654
1190007I07Rik	8.083582391972785	2.2304649187972263	0.126398253346381
1200009I06Rik	8.16357011460408	4.373851708947696	0.078499940723557
1600012F09Rik	0.74043863681829	3.632518937629292	0.1821120823005493
1600020E01Rik	3.5873459851346023	3.938034395076451	0.221060788219242
1700011J10Rik	5.77351794792164	4.036954257987707	0.2142838605692865
1700019D03Rik	3.74497180726088	2.0528476898814287	0.185658217379881
1700027F09Rik	11.77601244177356	2.3136597058735098	0.1007370465772014
1700030K09Rik	2.473367307027999	2.128417464217008	0.0974494916369873
1700052K11Rik	2.58433647039971	2.253171767555317	0.146498885366025
1700066M21Rik	8.58603874921029	7.960756927025279	0.1081528498003167
1700084C01Rik	10.6164399769469	2.099572143527994	0.0590682938209294
1700109H08Rik	8.804808498318671	2.7510627827273	0.0705248392267724
1810012P15Rik	0.938246447732234	2.2880815228576448	0.1271775610746922
2010001M09Rik	5.327040443663169	4.65961489149373	0.2254612927059177
2010109I03Rik	0.2823978689627004	1.56877176334261	0.237851551227723
2210010C17Rik	0.3580738174216975	2.2187643566634003	0.126181197407113
2210039B01Rik	10.5449091232019	2.214798676794966	0.080692174704342
2310034G01Rik	0.3769674861381986	2.2430217844218605	0.206794364263937
2310035K24Rik	3.5820969537305007	2.8999252365892616	0.1083394985201429
2310057M21Rik	10.52269430403648	2.522272780201002	0.0777546408907282
2410076I21Rik	3.179632574035301	2.169695072699066	0.170849775935817
2610001J05Rik	1.03832855946031	2.0546247579263603	0.0778797183926885
2700038G22Rik	0.1210641416497004	2.413001884092353	0.116701899462626
2700046G09Rik	7.205235849882176	3.394376344102631	0.1744035213340899
2700097O09Rik	2.1890294104166976	2.197651305003869	0.0857195193891415
2700099C18Rik	3.89686885435579	2.941902040093496	0.0552283392009692
2810001G20Rik	1.02713664645787	2.333384837299489	0.159649947020716
2810008M24Rik	10.84570700510751	2.553401039866724	0.0837968233698576
2810432L12Rik	4.68279306086232	2.9177905177697387	0.0797211829188963
3000002C10Rik	0.0548626619527006	2.0396437603335413	0.1628905683007
3830406C13Rik	2.855736904068176	2.204086749867074	0.0921500871799126
4632427E13Rik	9.104869227851918	3.12233508637128	0.1497263652519039
4632428N05Rik	8.008026872682482	8.0235087707193	0.1784453715468152
4922501C03Rik	0.33675199260718	2.8258786691655886	0.1152133839777633
4930430J02Rik	2.1497292192843	2.0484670547607826	0.3143934351945179
4930471I20Rik	3.3273944407538	2.353235105752057	0.281550356420502
4930473A06Rik	0.3738410943556012	2.108043371348025	0.027728284347021
4930515G01Rik	2.8902089570674008	5.046390907069272	0.1916262363297259
4930523C07Rik	11.088895105670002	3.235720119748749	0.0802690930306068
4930562F07Rik	4.6459867004443804	5.399968981413781	0.2138022223626188
5730469M10Rik	2.2228327249925144	2.342521119895044	0.164866350061626
5830418K08Rik	6.208807849725112	3.0555582708674107	0.0613998629475672
5930416I19Rik	11.75993018062103	4.136881635286101	0.0402497590341378
6330407A03Rik	7.79271115878293	5.1637559111497815	0.0495295076938801
6430527G18Rik	10.27614954178819	2.697114976049345	0.0645708424037279
6530401N04Rik	8.07263037704454	8.290117461975026	0.135983639292685
6720401G13Rik	9.1673450915421	2.1995777087276203	0.0806700583700028
6720456H20Rik	9.52859767567396	2.7061973166326707	0.086925385580737
9930021D14Rik	0.7198187904003	3.411359132317766	0.1213410023678321
A230046K03Rik	1.172673038746872	8.655001214367818	0.0957054140315835
A330069E16Rik	6.296330387506199	3.282486698124867	0.1425137475946595
A630007B06Rik	7.571329349571901	2.200512408209676	0.0928724179975331
A630072M18Rik	2.302287219879404	3.2440887554279008	0.0723900803346995
AA467197	7.579848882790028	4.383591391713591	0.364456900320668
AI662270	7.65961240589381	2.478237292281528	0.1039921982742226
AU019823	4.942301388514871	5.237583366394692	0.0863834973672864
AU021092	4.272318865590801	2.2908158767739617	0.175567577262268
AW554918	0.4726684560421192	2.575095621519337	0.0251173091033501
Aaas	2.8926406319890288	2.211162654757962	0.0746215292100598
Abca1	2.3527679708982507	2.1366581468797547	0.24997274068567
Abcb6	0.4503928036203604	2.751973774300004	0.1507136669363407
Abi2	4.3387510161091	4.635049825441594	0.230666395500957
Acaca	11.922493566137128	2.016238677946581	0.0421895161191041
Acad11	2.28291570420568	2.032107899865067	0.0799101360139654
Acbd4	1.5204074204405416	3.0836674409175844	0.0689261752440366
Acer2	2.1586184109546984	2.6741146453821485	0.2943982200505369
Ache	5.478089416473701	3.7723345915980735	0.2059465446993634
Acot13	1.3083410854478998	7.9925799911408255	0.0834953920016316
Acsf3	3.0044765182262	2.015462897894325	0.0790408100671988
Acsl1	0.0797662412206001	3.811930037533616	0.2395436126705928
Acsl4	9.7803694227244	2.55320156656763	0.073601227852513
Acss1	5.078166297796599	1.6127387851607136	0.2074801069309
Adck2	4.60596513401895	2.361840634861644	0.0715339791044542
Adipor2	3.9797262994677	2.961127093705489	0.1714833253833558
Agap2	2.5771243931719	4.844448812805978	0.1559387500595798
Agphd1	1.2889225583019197	2.901285818456794	0.2050627909113799
Aldh18a1	1.52161920925887	2.0287310090167394	0.2098921267035629
Aldh1a2	9.143158899257038	3.277404406986617	0.1614908800830944
Aldh7a1	2.695820590951	2.525650738435212	0.1186212100442072
Alg13	3.80810380442488	2.3821713298987808	0.1002097296439237
Als2cl	4.890536529030561	7.651541993167799	0.1294521029691644
Angptl6	1.154921436102299	2.6358673865288664	0.1772603743318689
Ankrd23	10.57220315280011	7.8714793479055665	0.0451758688584997
Anxa11	9.418802068230402	2.463427886217217	0.0548088003772744
Anxa13	9.66447585707805	2.574479523154519	0.161519160113726
Ap3b1	11.5158717809961	3.53273883479912	0.027293975099857
Ap3m1	10.52867935334528	5.691778042779755	0.1016686937313936
Apoa2	9.57820569098927	237.17892653161792	0.4215508853685406
Aqp7	0.1418537567839983	2.297453631349975	0.369700463448739
Arf2	3.1892232372063987	3.9652114495248414	0.1224815262061249
Arhgap22	4.4966536478941	3.2584315604957546	0.270437729450481
Arhgef15	5.4485975934919	4.379742074081279	0.1120420793485452
Arhgef40	1.4520250906277	2.7444899537952496	0.0610802216907924
Arl6ip1	4.29161967742024	4.237785025969263	0.1383563040363319
Armc5	10.963686986004198	4.803916556954229	0.058874979390698
Arsk	7.0610830096114094	2.1600800430768485	0.0935479405296522
Asah2	1.7774881512827996	2.9105001080235446	0.291367790339392
Aspm	7.541331593604788	2.607397255280314	0.0351525975140637
Atad2	2.6483954364808966	2.284619147596281	0.0724995320321261
Atg16l1	2.6595916190873803	3.043301674951681	0.0620488685358057
Atp2a3	5.8554614677728605	2.0568403120604453	0.0798619942920175
Atp2b4	11.54502275722862	4.2621633898221045	0.180629732405021
Atp6v0d1	9.840459374687102	10.62489175034846	0.1094048450835808
Atp9b	5.014842108717909	2.8120390817918683	0.0783800396029164
Atxn7l3	3.0583406186535	2.3714373118264134	0.0491423809851655
B3gnt6	2.7600906748751104	3.668512920346142	0.1694023773177064
B3gntl1	2.90230503705465	2.6504847939232348	0.1134134858958559
B430010I23Rik	1.7723239509679	2.7474059956148733	0.370838771201175
BC002163	0.83567703485138	1.7875677883017451	0.304552734680788
BC003965	1.54057163449303	2.8158665300711503	0.1118490006892217
BC088983	0.2371873574975902	3.1324381942169364	0.2125636769056159
Bag2	5.101208071120361	2.824294614093266	0.029453569648812
Bbs4	3.62599047474008	2.95183322916556	0.1894758922190283
Bcam	2.7898929696346	6.179948527617858	0.1514175398560991
Bcl2a1b	4.542930469154896	2.2575588911704187	0.0512021740448588
Bdkrb2	10.30995975633176	5.967963916594577	0.2919947519649178
Becn1	8.216830294030968	6.648701519517603	0.0241948863883924
Bicd1	2.349443858089441	2.51125901832424	0.0768448204791567
Blvrb	0.5408270379050002	2.613264045390576	0.101857734532315
Bmpr2	0.3268220629690006	9.375519203362051	0.2141628183725029
Bri3bp	4.89878595100771	3.350723942955118	0.248130127031924
Bst1	4.8305857637421	3.722806639727216	0.1978556052837961
Btf3	11.900425154604209	10.754745904229566	0.0487210001718425
Btnl5	10.23743104590813	2.165208443745692	0.0169880931282988
C1qa	6.25579719038106	3.3729868620559142	0.1083386509006744
C1qc	7.946553206036949	3.591008662236653	0.0846563081945215
C1ra	4.670648610855199	2.699917914244625	0.1282939815981145
C230091D08Rik	10.886954528588578	3.312746283662582	0.07682101847303
C530028O21Rik	11.35927073364157	3.2416593879728173	0.1461959389316314
C6	10.25568560086726	2.026360813196595	0.110459448706232
Caml	4.050209546077532	2.559781360419806	0.0483393016060034
Cap2	6.600468426874402	2.8431035465664767	0.0500188711538855
Capn13	8.91197691261242	2.346823042019907	0.612069433484393
Carf	5.7482428979216	2.8221246670275897	0.0248746699414051
Caskin2	0.518459110606198	2.042146694091266	0.0558538561515737
Casp3	8.390188425056401	6.519319964321236	0.1232633018714185
Cbll1	5.1021398996977005	2.340916354679549	0.091422905779502
Cbwd1	2.764684462731001	5.234919535683329	0.1899065648664541
Ccar1	2.244632589409999	2.5864850088616134	0.04725946966697
Ccdc106	2.4983083807463204	6.386036873167864	0.0690934242182485
Ccdc109a	0.9484357584757994	3.113946270186496	0.0906998859425358
Ccdc117	1.0752531385312023	2.001517129898532	0.0572233394595652
Ccdc21	6.72315857216476	2.155206266057146	0.0348230343273488
Ccdc32	3.488204781582599	3.5006151481841226	0.1959281205693235
Ccdc56	1.4810679174991996	6.930278552203181	0.0665609724886317
Ccl20	4.22299706608287	1.452193106257441	0.286665712366328
Ccl27a	11.921277102838012	2.1030915272645343	0.155260972416613
Ccl5	1.219597227240499	2.800079138709491	0.274831969012865
Ccl6	1.1714857850438898	2.1086219758833726	0.1028078256386453
Ccne2	3.7908367978597006	2.5903241756545903	0.222092669961675
Cd3d	0.953577578145099	2.8276214703880505	0.192143950099257
Cd3g	0.0763059384581996	2.965042479651156	0.1319827789245898
Cd52	2.8721673699447	3.3156053391629063	0.0508853397904998
Cd53	1.1499290762712802	2.323464491200977	0.163137143403815
Cd55	3.6973220921840975	11.90571216019336	0.4514942955491395
Cd8b1	3.443230156803999	2.156082376162992	0.181855614146131
Cdc23	3.546540993998612	2.360535381479275	0.1045405532185792
Cdc42	11.0690864049443	76.5190856190571	0.0326609691690988
Cdc42ep1	11.52991951285511	5.623732381100274	0.1685656934420297
Ceacam10	11.1257691081529	2.6039702211965743	0.350256949002149
Cecr5	4.663347032669068	2.2159280390593024	0.1194103068959158
Cenpk	2.50032911764078	3.08228481288355	0.1522464236873371
Cenpo	9.67716143338644	2.189249746876389	0.0538224043099377
Cep250	9.76448950036447	5.386238467872399	0.0409376401130329
Cep57l1	0.6384091571457997	2.489012542819121	0.1467220690802474
Cep70	6.84937535991298	5.777222327334818	0.0926540413609565
Cept1	11.735639335132811	3.7597916196742016	0.1268261701330302
Ces2e	10.97546077431166	7.024986078970283	0.0663800450636939
Cfl2	3.71500209893596	2.393285879005861	0.0867354900090511
Chek2	10.29885447478074	4.437020848423627	0.2406323228918875
Chmp4b	8.55379614930178	4.623990212849634	0.0395666520488088
Chst1	11.62401710927897	3.877294334248143	0.1837573762554002
Cited2	8.7495285571225	2.529490242739904	0.1053450514425292
Clic5	6.11082261136748	3.00589205686588	0.1217747056824866
Cml3	4.191396173070899	4.060384384116075	0.047560469768179
Cmtm7	11.261089944107782	2.55343192864539	0.0533222907033962
Col4a6	0.4101602301194003	2.9234986368026696	0.070849330779795
Commd4	4.38261265088266	2.4372639866885986	0.0812148781880192
Commd8	9.144510499912148	2.713035095777307	0.0319869394165991
Copb2	0.9396437909326992	17.120472739510394	0.0546832905393619
Coq2	2.7434615032400096	3.360511374592112	0.146273211492462
Coro1a	3.92889294497415	2.0662889316150395	0.0557417727797038
Coro2a	7.509965592349671	2.424649130084921	0.0702937925804402
Cox18	1.476325359590998	13.567636352975034	0.364983177889433
Cpsf6	1.0289308389580685	4.7390438117063765	0.130775766376272
Crcp	6.118426170531443	3.0442003573152023	0.0832461438209773
Cspp1	1.5293702387629988	46.40627791960542	0.061457218649427
Csrnp2	10.91340028654464	2.521253196832813	0.0473094593601977
Cul1	5.886332086606799	6.139551197295507	0.0508604979313388
Cxcl12	8.39390046992	2.852312367653893	0.214948577809039
Cyfip2	4.166686479403779	3.1440450400915565	0.0405884188690775
Cyhr1	7.818313105758665	2.2192210454494603	0.0496009275925099
Cyp2c55	0.1450405403516894	1.6835146261174403	0.248067858902978
Cyp2d37-ps	0.1083446508188608	26.868724386917847	0.4486583152101637
Cyth4	2.6386611914411	4.749844647054909	0.0948454920740726
D330028D13Rik	5.908862449618299	2.269784876032162	0.386313213259957
D9Ertd402e	9.4574638386053	13.329986126959106	0.1712214683143613
Dapk1	0.0616430405085142	4.163350495680292	0.0650135830325281
Dcaf6	8.120458353950049	2.9285985301984065	0.0950113111506338
Dclk3	7.685712146725869	2.7351535016921766	0.0343595274065354
Dctn4	4.31243673721167	5.211766450046267	0.0707543944286172
Ddit4	1.273902581918101	6.887729112838166	0.4741613877321343
Ddx46	1.6218216850749902	2.224374764567634	0.0873538296043698
Def6	1.9108624940301	2.5779380948149875	0.100102619461567
Dennd1c	8.088329332689069	2.0910645327625685	0.0965228890883449
Derl3	3.5714681281603617	2.7627268886611307	0.0555130202373783
Dhrs9	0.0678653356417022	1.968458519554437	0.208957507920372
Dhx57	4.313613366001929	2.37824662420782	0.0559945487725179
Dlc1	7.4876472393911	2.5711305017044745	0.1286861162110646
Dnajc21	11.281280290917191	2.103692570806279	0.0626648197098252
Dnase1	3.646110510685261	2.1583069714038547	0.422748237461187
Dnmbp	1.2510964819704	7.975953199716496	0.1193763755549034
Dnttip1	8.03257341314021	2.8588130900996047	0.0916190628354561
Dock10	11.53529915996247	3.2216583589164927	0.0354547500941853
Dph3	7.336290719652599	3.421994207801894	0.0486872910472304
Drosha	3.971935713149499	5.28905772336844	0.1313443311424698
Dtx1	1.9634999511509896	2.9696996684607515	0.206687262999988
Duox2	5.626220807535301	3.340348609259257	0.5537889267800801
Duoxa2	3.629795922016701	4.109522555065097	0.603553518872305
Dusp19	3.733884375658839	2.0142019843739924	0.0901855976934176
Dym	7.394047411542861	2.153630001363858	0.071055714632661
Dynlt3	2.77755201490914	3.059027085494478	0.1369517425329751
E130215H24Rik	0.2772315750145999	3.73702994850032	0.334260116088048
Ebpl	2.45685796401533	4.712748076897034	0.2364674062835977
Eea1	6.822904988517131	3.3627390216181934	0.0512794156079186
Eed	5.567278808736003	8.649083823538234	0.0727797126372967
Eepd1	0.1785220429729008	1.685890738434526	0.276622809631162
Efcab4b	7.617406595107401	4.828377904685868	0.2312957101721824
Efemp1	0.3976263229838004	4.628937470787499	0.1810357702679176
Efna4	11.746959549388002	6.796185505550508	0.2623098781242369
Ehbp1	4.227431333859211	2.4770032299227136	0.045676679583738
Eif1a	5.840379459396811	4.127043500342597	0.1245562308518408
Eif4h	1.6416301774104003	3.5850373158430893	0.0644320637791678
Elmo1	10.364194441182	2.0426603553402782	0.0769414603517747
Elmo2	3.9498598550213	2.013665381997588	0.136532906725676
Emp3	0.0289249574393402	3.061119939144993	0.0659584827307371
Epb4.1	9.85830366685267	4.664510325601239	0.1582362162526629
Epb4.1l4b	7.293467359801001	4.400148758339038	0.0140652227097125
Eps8l1	4.05334264834746	5.363646086077479	0.2709858985074608
Erg	10.60884166078446	2.0666720403436347	0.154828447264976
Fam103a1	6.14158308974195	3.518532628081797	0.0702251830696557
Fam120c	5.3488876675030905	6.378135155566445	0.0839760864260711
Fam149b	5.398256328350445	3.83276689317922	0.0672140172393476
Fam161a	6.56343335508348	2.0783624097666427	0.0779412469046042
Fam169b	3.0970125812568003	2.245221853989899	0.1001062302665849
Fam178a	0.85731699589715	2.7749001679240632	0.1006368367297868
Fam57a	0.7946173283365798	2.0779551796398223	0.135928428284973
Fam64a	1.3899446249373	2.2173220632344703	0.0897774440983834
Fbln1	6.774586044188201	3.287924076266047	0.2038374451301323
Fbln5	3.32792465272237	2.216194488184367	0.200957781039842
Fbrsl1	2.5250983679773995	2.7388243183642955	0.0778077137039452
Fbxl19	7.475987965109098	3.631928021471333	0.0640443803509767
Fbxo45	2.29331140863514	3.007937338164941	0.0639538206865367
Fbxw7	5.637978503124381	2.8480488307486023	0.0517817087523304
Fem1c	1.6268843780320985	6.10390931474999	0.1646003198169503
Ffar3	2.1091770767487006	1.823018955291299	0.246417948412944
Fgd2	5.679583680275961	2.684160284253183	0.1014754856031263
Fgd4	8.17735288045488	2.802108485051796	0.1687976858688769
Fgfrl1	0.3750212742626004	2.0771550262771177	0.218365755366457
Fibp	8.3558256615233	12.979137417472613	0.1097141929597458
Flii	3.0448581961688	3.078550553318466	0.0716847422421732
Flt4	10.96308942260368	9.821530805370768	0.1807950032507697
Flywch1	8.268053542797801	4.641397302257805	0.0864134609511146
Flywch2	0.0968419079951008	4.297579485144398	0.3434543808220309
Fmn1	6.454032044304199	2.096542051015516	0.0286064161623593
Fmr1	5.88950971574762	3.273125951033148	0.0664318877057532
Fnbp1	10.00935268410246	4.410023009338741	0.0583063283464514
Fry	9.93438854404216	2.090055807903457	0.0665497592773009
Fth1	7.445883451201899	8.895295515044124	0.0927134997933488
Ftsjd2	0.3136278117693507	3.540723703326264	0.0756850216329051
Fut11	2.27296868523403	2.045928221313833	0.0834255647898267
Fxyd5	2.0343024563499394	18.13808298630467	0.0587310864979379
Gatc	8.882803820531311	3.0907708698541385	0.1357525030575401
Gbe1	6.2329444305038	2.298794274364338	0.1065952284660524
Gbp5	11.355022693899802	2.039218047297087	0.0706817279780677
Gcnt1	9.5554804555852	2.9600934082281816	0.1695760688535509
Gemin5	8.010565482198167	2.8319087422257634	0.0679014844685276
Gen1	8.2080650436257	3.734716961043117	0.0380911069328308
Ggcx	2.648048176659451	2.14403366189826	0.1200505127794629
Ghr	4.538404333457741	2.564543883878313	0.185720256578445
Gm11437	0.6537522096970169	2.202624847615389	0.2065032446607989
Gm11696	9.2373403499619	2.3734446208193907	0.197889161677732
Gm11818	3.0655096518699203	3.5981818572690325	0.2142928202241132
Gm14085	4.6087376780177	1.4277246011814368	0.3515078612611869
Gm15706	2.0445548571264087	2.5963022851378144	0.345068871479179
Gm16023	10.007934846269851	2.1501619529711964	0.0769461176320803
Gm16287	1.500037898316002	2.296061620950318	0.0879887229726571
Gm16675	4.5902867280392	4.465430826719947	0.2909826500019753
Gm19705	1.511951703189899	2.2222167559117643	0.259963941838439
Gm20337	9.017950677868829	3.585685115823518	0.1318866554235184
Gm5129	1.7877780855565997	3.267732929044051	0.271256825306173
Gm5512	0.6941349869566	2.092730810273527	0.284690983228354
Gm5547	3.2120903465235	2.325335194551366	0.155124657932327
Gm6402	4.8528567236496	2.5679336174194045	0.21379799183221
Gmcl1	7.452410127339079	6.906480477018055	0.148470790173315
Gng11	1.5850996771150498	4.793453893199013	0.2128558579717383
Golgb1	1.737713472494498	2.9481502628108576	0.08472850326897
Gpbp1	8.84346043149688	2.765695500355528	0.0381825533812536
Gpr155	2.844190868290692	2.705789351703987	0.1612419744292682
Gprin1	3.933717198549316	2.217338471669623	0.1052208776295845
Gramd1b	6.5668590268878	7.228904751199506	0.2774516450414795
Grap2	0.6325137280978002	14.362877836362962	0.201843039309213
Grlf1	3.8253527341683	4.842140872773251	0.393163089671274
Gsdmc2	6.521145224289802	1.8722970220378368	0.4208579364600499
Gsdmc4	7.820454238287148	1.4433398557379506	0.246985618880043
Gstcd	3.4775517238355604	4.227807694758259	0.1268994229804529
Gstk1	8.206062968716601	3.3165912658731926	0.1304594481927717
Gtf2ird2	3.758722451981508	3.4063713807139555	0.086847763135989
Gtpbp4	4.744563681038695	2.128962871618205	0.111661144648298
Gzmm	9.89884589212038	16.217226974083264	0.1074518255359938
H2-Ke6	3.5624317504383	3.280485759507233	0.061667262751245
Hace1	5.899406600049341	5.051831390816679	0.1520530300081716
Haus6	9.010328483128928	3.967463539743132	0.066559856593697
Hbb-b1	2.8731215972992	425.8015152199604	0.0042826599456456
Hcfc2	11.36269086861818	3.083599916016255	0.1000332762795584
Hcst	7.172824387497201	4.987765309382133	0.2154896671340893
Hddc2	3.2204604300843	2.417621961321566	0.0908292520887287
Heatr1	4.208113977836295	2.8721097417880435	0.0938396948477653
Helz	5.082622251869402	6.129488572189544	0.1131906135198815
Hhip	0.5079129389470012	2.737799421024203	0.111494988760296
Hipk2	2.540022905796203	13.732825555517373	0.1173061125510051
Hist1h4k	0.8320837600919013	3.1772586549388664	0.398677760229391
Hist1h4m	5.0848773524291	2.752078958348889	0.0919877509059929
Hmg20a	7.99686713205431	2.300872491681195	0.0246632139070404
Hmgcs2	1.04579553228948	1.7182708549609769	0.4457968050852389
Hnf4a	1.9384619544655008	2.1538343009611194	0.0741968696774251
Hnrnpf	3.0944485239914705	7.433559137216873	0.0213696546820046
Hoxb4	7.97155976781609	2.9901313261008817	0.1505336165755714
Hoxb5	2.4605646425405405	3.7804700788656143	0.2365631647030854
Hoxb9	2.58685720001042	2.12441164958851	0.222652962140469
Hrc	3.0633025950293984	3.0742195230708367	0.22196493516533
Hsd11b2	11.24466480109792	2.0414677868173565	0.0557696992368536
Hsf1	2.3684543185839004	2.990249948429557	0.0928625640269953
I730028E13Rik	2.8597727540878	1.8758040425043427	0.246564512763353
Ibsp	5.24412814540095	2.3932047306570468	0.1327410629391786
Ifitm3	7.923595349691201	4.630260848943429	0.1870075363062143
Igf2bp2	7.341007779871034	3.000699063378143	0.0564692130863476
Igsf6	9.7539212446506	2.0101700380686136	0.10567366066585
Igsf8	0.0729856921544005	3.4430097419429284	0.1316397987412655
Ikbkap	4.03283958043806	3.784109314767521	0.047357906196786
Ikzf1	6.6621900832574	3.3138931848145257	0.1574293548451595
Il17ra	9.656906489908	3.10113779608226	0.0550598109762349
Il4i1	5.006022665962799	10.026321245004496	0.101465987312595
Immp1l	9.09587700134215	6.449348311235577	0.1231447011473284
Inadl	6.1994660789749005	2.8150506390513805	0.0715668516817357
Inpp5d	4.532109945073101	2.4524996548582867	0.0967243047193993
Inppl1	0.5513959139426987	2.1627340969541287	0.0628039922086805
Ints6	7.579142316958849	2.3738320754426088	0.078116303574161
Intu	11.746998662060198	10.873893698139057	0.1083041676845827
Itga8	2.21797613946076	3.1337875261247987	0.238098052497276
Itga9	5.455617902555659	2.2506939731935747	0.168070372216307
Itgae	0.8364655984027198	4.012221256245717	0.2412896917252736
Itk	2.1117891059148004	2.046375419819628	0.1052168214321249
Itpka	3.79031028715684	2.169132203115101	0.182617238662085
Itpkb	7.993671026864561	8.889023394731897	0.2370128058497001
Iyd	2.4508606006270988	5.86410669967899	0.3009304914862957
Jam3	9.6781457096312	2.5848011503252857	0.1515485639039652
Jazf1	11.123830860319991	3.735767061179151	0.0567944821025583
Jmjd4	3.67360211208326	2.7392346216190204	0.0946499967068147
Jmjd8	2.254162425790181	10.712070540487868	0.1090413094455478
Kbtbd2	8.68313172712002	3.0369601543440625	0.0842718128073553
Kctd6	2.053281588700699	2.252414132959997	0.0928513799041264
Kif16b	8.77846188759341	2.8257425551385995	0.1622635844384064
Klhl28	1.6292970378396987	2.441951626444528	0.1105154746214418
Klraq1	2.4555308376184506	2.3901421464548114	0.0327547124637965
Krr1	0.32397936198268	3.079899088749894	0.1501602349279919
Krt7	0.5848075044251999	3.4826566731465314	0.2328361118712689
Lcor	6.55263510196945	2.061441482137833	0.0872809903615445
Lcp1	7.97432792093182	2.851847147223478	0.0518536678450877
Lct	6.84989743512606	4.522011903825337	0.799869360200608
Lemd2	3.08372289117667	3.3899811176906747	0.0656738148772601
Lgals4	8.938851051759055	2.0371133696157675	0.062491998317019
Lig3	0.1898204549594599	2.029416126550008	0.159177081367378
Limd2	2.0160090475603987	3.0494794579490527	0.0750872594450351
Lin52	0.1799688688577507	2.6385737777166383	0.1237822988780684
Lpar6	3.7956283466907	3.940626384642959	0.0882917565644209
Lpcat1	8.2394820383032	5.438295704941698	0.2473880869517926
Lrrc14	6.110363593820252	3.0089776820750984	0.123781247954479
Lrrc8b	5.922033351712098	2.4625078807582	0.146906430991047
Lrrcc1	0.4818489022912899	2.687311855895261	0.1498646935786446
Lrrtm2	2.666979308976302	2.487443612812339	0.0179892677154294
Ltbp1	8.4335358299757	3.653863017970184	0.1201346896939767
Ly6g6d	4.286386728199679	1.5042585667845594	0.227520655207208
Lypd1	8.467556193225814	2.350568631435141	0.0992597418914964
Lyve1	7.37047886732179	3.067316486740745	0.146920819187804
Madcam1	10.68539139237572	6.355727451607534	0.1950352136527648
Maged1	11.63185035558221	2.258479485984712	0.0926216875646586
Maged2	4.42392483605914	2.0286253413482256	0.131091996583934
Mark4	9.28320665809498	3.927211426978898	0.090546214331579
Marveld2	4.5399762046529695	2.2854382311714674	0.0382115306579175
Mbd3	11.874338524088936	7.932563651690507	0.058441973439473
Mcf2l	2.2142928229131	4.464346354426996	0.1687212882405679
Mdc1	7.949888462557858	6.822756625418139	0.1112638315909827
Mecom	8.776177432429732	5.584541446128002	0.351604154069247
Med18	10.21642665860277	4.352875561407018	0.1693793673725103
Med22	4.62754400200345	2.164865834888482	0.1095521544097932
Mef2c	6.036499527747459	2.454670563640344	0.0617917918261452
Mfng	8.45099190194561	2.0113544183774046	0.0374122506109978
Mfsd9	6.3856485774311	2.4120966363803715	0.0584201018718861
Mgat2	4.55044470060662	2.736661428224435	0.1120526819668588
Mgll	9.876358282732102	2.044377446529552	0.0775846966041548
Mgmt	0.4045104706025206	2.735236162910938	0.1286778289051846
Mgst1	8.614000098292781	2.4884194823026355	0.1372021837741467
Mia3	8.828470802507248	2.9274825384987366	0.0085255428875059
Micu1	2.634138651538599	16.833099996827517	0.120533818786396
Mid2	0.6848961790171	5.144513815212122	0.2400636152454554
Mir1892	5.090231451675691	5.098783750088893	1.2573696535697498
Mir1982	5.970073467011048	9.23399341674496	0.1585864702536123
Mir719	1.9627512037523087	2.249408535386895	0.700151857031296
Mmachc	1.8681017853296016	9.95254892266383	0.0922881282826768
Mmp13	3.58479558288812	3.7349871303857416	0.1265449058352687
Mospd3	7.06734829020427	2.065197957239626	0.0609761514104192
Mrpl43	3.9929978267878	18.03546510041846	0.0439270666024852
Msl1	2.6047087604023407	2.240920141592426	0.0729318310600614
Mthfd1l	0.7121722233767986	2.7418442582353726	0.3693988776421799
Mtss1l	4.5797084220426	2.8282207663922825	0.0598592999889096
Mus81	1.2243552955044406	2.7592561530083928	0.0988289451861444
Mvp	1.5205311973208993	5.42421430940534	0.114520727246229
Mybl2	5.7595215064608	2.378407378471538	0.0676136966903501
Myl7	1.9056819681415007	2.7888863272404314	0.091548322948239
Myo18a	0.4071399098464994	2.8234107434195885	0.1601552966538256
Myo19	5.7126224958644	2.9149881015663697	0.1124694803846245
Myom1	3.609819077599198	4.034891824027479	0.174412310283733
Nbn	4.873397764177582	4.032915582658109	0.0624084843391734
Ncor2	2.5159844412869	2.021898152896933	0.119325036464562
Necap2	1.2015070898988984	3.0519853204780705	0.0771528409033309
Nedd8	10.06789270437915	9.16043196063952	0.0503298915394418
Nemf	6.9109296854162	2.1539463147416904	0.0459142179675021
Neu1	0.0401471450851396	2.290001497930118	0.177157487614683
Neu3	3.48676244156524	4.405559698392271	0.0849425820780187
Nfatc2ip	0.3727100756977002	1.882487225631016	0.2031990700453829
Nfkb2	2.4845881618512	3.896236491659454	0.0800984573961719
Nfxl1	0.7509720763556579	4.504959064339782	0.0914489234318032
Nhej1	8.6138540069408	9.9412871161851	0.2056500144655067
Nkap	7.9503462646689	3.790033953054848	0.0591503253456623
Nkx2-3	4.125076427863	2.0634299717196227	0.1603707251435509
Noa1	0.4772031051409016	2.332609384584712	0.0812803618680178
Nol10	0.169434442760167	2.828477610775985	0.0883496223008604
Nrp2	9.8970599063184	5.705194509174803	0.1451754643015942
Nt5c	11.374478662558648	2.979758421996104	0.0279261267217645
Nt5c2	4.150702441814699	3.97097443247636	0.2522911278962544
Nufip1	1.79223351160298	2.6734194179516053	0.1200321641034939
Ogfod2	8.560941851111302	2.3354769598095806	0.0564992525116051
Olfr165	6.4728852023338	2.4465415594371795	0.335733969046226
Osbpl5	3.557779880135681	2.612961100622427	0.1503407279166781
Osmr	5.950333136695901	4.021912489920518	0.1926399907562817
Ost4	8.76039156897435	6.26383994744156	0.0791011780577498
Otud6b	2.1290552146791604	2.1180132897120805	0.0881180608279273
Ovca2	11.585731353707208	7.391847287005649	0.0798998085561382
Oxct1	11.14958549004486	2.6400220276791253	0.1291269452733715
P2rx1	9.8844257092362	44.36506165776839	0.1802256812786503
P2rx7	0.1533823893104013	3.274657129002194	0.1701834748104144
P2ry14	1.0170665602623998	3.0774347371626734	0.147452651200435
Paics	8.56762259398126	2.133044756692217	0.1183310359529789
Paip2	1.01014665133177	3.9026286396688574	0.0848248026198103
Pak4	1.9809206186695008	3.346913971642829	0.0891306442485094
Paqr7	4.8427613729861	2.366780459783862	0.255611908554917
Pard6b	2.6797704549410994	24.205652292065853	0.1420928389021406
Parp8	10.10362767864795	2.0229437547034905	0.057356576847456
Pcbp2	4.038037293965401	2.444025698302152	0.0582282560963451
Pcid2	6.065389200168752	2.8341450944394246	0.1170322013112914
Pdpn	5.312538470613202	4.260901282550202	0.351291948946441
Pdzd3	6.349574952187661	2.615467464668958	0.0523350582305411
Pes1	0.5391452872498399	2.687824094354898	0.1817495933507019
Pex3	1.6204352455519206	2.4002737062611974	0.0975035047214165
Pf4	1.1310051081810997	2.0947823709313846	0.356408395738984
Pfdn5	9.8713043185835	3.651055162183132	0.096770332916461
Pgd	2.17495612007	3.422672925941544	0.1461695328867309
Phax	11.37348361407406	3.0411629430969587	0.0962663230005226
Phf20	6.2780501066662	2.9847739169496466	0.0920551530061846
Phospho2	3.721854597286221	2.485421056580595	0.111983991289521
Phtf1	10.55430398469803	8.703288856844768	0.0959757650919889
Pias4	10.90303719819864	5.410539228810345	0.0956392377405438
Pik3cd	3.0916228195418007	5.885295868220865	0.121950978075336
Pilrb2	8.155754674366499	3.1199375103232634	0.1379128556575537
Pitpnm2	9.051540106999628	9.676180187170786	0.1420273471683541
Pkp4	3.0356110986006986	2.6682525580522047	0.0722730170799308
Pla2g2d	11.64319816024627	2.391803066258893	0.0795520584690509
Pla2g2e	4.019860386052899	6.220234811271472	0.730542985699662
Pla2g4a	10.287497882605551	4.995689690301326	0.1896733976368552
Pla2g4c	6.334358060308199	1.4732155542412193	0.48367912167308
Plb1	10.525655607125024	3.789027445825971	0.303694389267947
Plk2	5.6495121359438	4.543757555130696	0.1653344366068173
Plk4	2.43254162645719	52.96930074512179	0.1116906819979619
Pnpla8	1.7081666776206976	2.533994282805017	0.0611030697976686
Pogz	2.330024440214599	2.8548625906914915	0.0489353565211368
Pole2	1.32286328923294	2.5108205397541843	0.1147658473359675
Polq	4.640030754406311	2.4689577135768124	0.0166204394009958
Polr3c	1.3459359755809004	2.2114768587575133	0.0248016383142003
Pon2	10.35762258833645	79.90987545656498	0.0443692087559254
Pop7	10.010389048981068	9.482074543894296	0.1190372465942853
Ppap2c	4.862147689689451	2.027540161241124	0.062500300894041
Ppdpf	3.36195162068541	2.974933419651439	0.0705153147238603
Ppp1cb	2.943376033377241	3.1303671836390805	0.1105173258006567
Pqlc1	5.8114038703703415	4.208827043449102	0.0968112012877625
Prkci	6.84073406863615	10.091150872502023	0.0667859456116161
Prkcz	2.3412212824279006	2.156687210519874	0.0420746485503817
Prmt10	2.21268740716586	2.0788919638362464	0.0879477335379718
Prmt2	9.6180119474293	3.804053315084837	0.0850429179993991
Prrc1	4.399436584059499	84.9014037045364	0.0762819832268176
Psma1	0.1504513381203298	4.250875809574955	0.0347872896531481
Psmd5	8.07903292554684	2.0205609415522487	0.0719676807969516
Psmd8	9.82498076472475	2.156924925929151	0.0132576328878294
Ptpn3	11.990424267995	2.075698291589135	0.0206713425009728
Ptprc	3.06146092915598	2.120679413374691	0.0744206192609163
Ptprh	8.64186270450839	2.202021800178628	0.072854377717089
Ptrh2	1.9842458527933216	2.830309488461077	0.0868192015377513
Pycrl	0.7393763253056029	2.809254388286225	0.0806032831813104
Qsox1	2.866494273862001	10.982671015612649	0.1403071597930322
Qtrtd1	8.261248008725032	2.2097353575478613	0.0604516464961637
R3hdm2	0.9385042199001	2.087177891892908	0.0311790728916545
Rab4a	2.07707385864515	3.209540732155586	0.1032893446381444
Rab4b	9.721510645488198	40.5533462574937	0.124405934578618
Rabggta	2.3821689760534	2.288904688283586	0.1194610354509534
Rac3	0.1717516738353603	7.7111368309572	0.0890060494279663
Rai1	2.195900668484601	3.6780537588141686	0.1384259504229936
Rarres2	10.406385436775649	2.301834145258182	0.1078951251942102
Rasef	1.8899063318256992	3.536694149550337	0.1637990782474511
Rasgrp1	10.274243095717392	2.073252154909357	0.0419173709744224
Rasip1	10.56181312172518	7.645498508058886	0.2567660160275756
Rassf5	2.6759442936817504	2.1153591009542856	0.175147858616467
Rbm15b	6.943028446808501	7.218514860002754	0.0557258821978421
Rbm34	2.5129986119834102	2.926887661700779	0.0636219115674591
Rbm5	7.619794742030399	2.442187769803157	0.0710626689808981
Rbms3	5.958751675249932	4.891489772507802	0.0772395250777785
Rbpms	11.6955549766126	2.548171320451208	0.1166434819361742
Rcn2	2.210059968053168	2.0068190946084	0.0821606465443818
Rcn3	6.273848255922459	4.689013464274303	0.0501901013374784
Rdh7	11.49179312884202	4.466115012280966	0.571068323140014
Reg3b	2.7424710028676	1.3841553394832575	0.59034620042079
Rftn1	9.36085157654156	2.6613437152358976	0.0539454794000131
Rfwd2	1.9492003236976707	2.263570840355058	0.0403391860291599
Rg9mtd3	0.7993006932019	2.5162087163153446	0.1163039538888273
Rhobtb2	2.341140559776761	2.5503419752012166	0.0498429366331226
Rin3	2.200067263729	3.3910359632199536	0.1718057126805816
Ring1	4.889316762014318	4.499215569040826	0.0693340679331773
Rmnd5a	5.95922260691157	2.8331272466995587	0.0395698009502243
Rnase1	0.63471811622966	2.601856963062861	0.371037208834014
Rnf10	9.81048603873804	2.152696251136326	0.0402955690473215
Rnf180	4.456758088978019	2.660422881036013	0.1301738793470524
Rnf214	1.6662787009124995	2.0469649126119007	0.1007631867386278
Rnf40	7.864571955822802	8.219666005474574	0.0998977238692465
Rnft1	3.03751288737289	2.34353069585998	0.0644911347205608
Rps11	0.5024457836423295	2.044634777919004	0.0765353927205214
Rps19bp1	2.6513020166378607	2.0177522692216465	0.0883964735829535
Rpusd3	9.26179324802018	3.4754693569996653	0.062507242078985
Rreb1	1.3759908621755406	4.643506236266845	0.1288041640168664
Rsu1	6.400136250264701	2.704404408063745	0.1503657125717408
Runx2	8.417639879201042	209.12248660056784	0.1447571847773172
S100pbp	7.254929117708999	2.114976822874596	0.162783296368409
Sae1	3.30135355752266	2.0811592794504183	0.1075258975040442
Sap30	7.35335726845733	2.7338209069930817	0.1039341448488776
Scaf11	1.049703202526299	6.077772528040592	0.0472026789286876
Scamp1	2.63531994568637	2.7082151129211787	0.1677985257405549
Scamp5	1.6784987095145558	2.4469826864357644	0.1150687193752687
Scand1	1.390199350791601	2.9963588824515166	0.0884981830188716
Scyl2	3.0340487150899023	6.600370497527155	0.1105662276366341
Sec11a	2.66272514253948	2.7364730387367127	0.0947236121551625
Sec22b	1.4858048890298292	2.258738798556333	0.0564808847329019
Sec23ip	6.64288530456831	5.249570137291372	0.0475940715446871
Secisbp2	1.03589708094	2.7069797128330904	0.1296577106912272
Senp7	3.0476979641957094	6.995769691097151	0.1331454014294185
Sephs1	9.09383891640984	2.2444241990558265	0.0560594252469105
Sephs2	0.2154941685621501	15.642116300045068	0.1569404185542747
Serpina1b	4.296568504182179	4.675744630664137	0.1473839541631209
Sesn1	1.3480707045825904	2.1128671022210304	0.1459276957397489
Setdb1	0.6108440180313099	2.3936059646605767	0.0799251119405761
Sfrp1	5.62837578638576	2.097096151013868	0.162347666398096
Sh3d19	3.65533807851547	4.003995509258326	0.0502943867000807
Shfm1	6.14797579227221	2.250916986225969	0.0595989194756693
Sirt2	10.54962064796412	8.636977429495316	0.0634743323652094
Sirt4	4.406059074813648	2.486493580305447	0.183961759350397
Slc10a3	9.6021861935584	494.6841532304233	0.0792679646477213
Slc16a1	4.98732375983651	2.1196964553429485	0.0959994010213054
Slc16a4	7.268220976738402	2.402733817047054	0.0434819200704554
Slc18a2	8.1529484500351	2.347526176777276	0.0882260112018372
Slc19a1	0.7963455494164986	2.1325970586359926	0.155629258511331
Slc22a18	7.54381564758577	4.161106277375821	0.1049600120796914
Slc25a45	7.9052068242007	4.064181894014615	0.411852006809955
Slc39a6	5.744788445584497	2.4351309441407896	0.0305518571564265
Slc43a3	2.6947234798539004	2.7486719069909253	0.219617537267061
Slc6a14	0.1603651920096993	4.540141740032589	0.2431371573691271
Slc6a20b	6.02649496817422	2.2246238978554698	0.1788435731096309
Smarca4	0.8015976025106006	2.38170387493738	0.0190147394135846
Smarcad1	1.97171474381814	12.401189046352966	0.0623731619934527
Smtn	6.735846740430658	2.4520367197861868	0.107283876193936
Snap23	11.776299796894737	3.970579159102415	0.0628614942412784
Snora44	1.6484714113999797	3.325371264001057	1.287762762701615
Snora5c	8.416721862604662	1.1615089570329271	0.25606943920112
Snora68	10.32177437389439	3.3007093075987863	1.4819968039037064
Snord22	1.4498182649583988	2.237726518020555	0.443822829181084
Snx7	0.5338133179507984	4.5466419957653725	0.1170488156871003
Spata5	4.144873661830498	3.8072959877485855	0.1169994957672375
Spire1	2.8804557735718	4.3723778004580165	0.2344045883118241
Spry3	6.6819764231604895	4.056190440455153	0.185765490480135
Spty2d1	8.649166688652397	3.32286796721214	0.0970363239376214
Sqrdl	6.2887041354612006	3.14571183028515	0.1345146382501086
Sssca1	1.44326255282713	2.0349961215072234	0.0900147559413651
Stap1	3.519771853399103	2.126155157234572	0.116237561503293
Stard10	5.3812545429365	3.2857290787107365	0.0687515479771433
Stk39	11.35830411139073	3.997457522241096	0.1261091655188445
Stk4	3.5946304815093413	2.443182720653039	0.0389129117263858
Stk40	9.1914526656267	2.4178575283934287	0.0775115473717911
Stx12	5.15190410630845	3.68867319918176	0.0649888612820759
Susd3	6.723248697376269	2.1431009162501824	0.19871969087163
Syk	3.945589638792299	3.5118128901084864	0.2202000458299225
Taf1b	9.66990219168804	4.478039085265144	0.1128820307119807
Tatdn3	0.9877242730858198	2.142186357894608	0.1007608191986165
Tbc1d8b	8.2024910088161	3.601833622067593	0.1078286656039465
Tbx3	9.55873261519707	3.585183805142429	0.145910750970937
Tek	9.79963189285559	7.682277718415696	0.1716495913600944
Tenc1	4.023561070377099	5.221362712458684	0.1551066870951597
Tex10	6.658473998311617	6.351604940673655	0.1664523533578032
Tfap4	2.9701833924013608	2.2482614461039176	0.214198634189617
Tfb2m	0.1039029821339196	2.47182517594338	0.15470575455042
Tfg	0.6576406095206409	2.06271973691172	0.0639404274522178
Tgds	7.173954356263799	6.3302476615375936	0.0520411845923703
Tgm5	11.8272233622625	19.52656819696721	0.4118341437356275
Thap11	4.476288210250271	3.233411015774461	0.1062744235983784
Tiam2	4.534140963754201	3.484027208882416	0.0912895790773651
Tifab	4.059006207628322	8.441814228268687	0.1770836502523984
Tjap1	5.1175870542491	27.98107729217809	0.1294704660807518
Tmco1	1.34839609580398	2.3696450509530926	0.0801494464302189
Tmed4	1.2767927268032595	2.5668224663993207	0.1065274700190141
Tmem109	8.82200044527924	3.356941277127058	0.1479771588435975
Tmem135	5.6334577387936005	2.510739638214135	0.196175549476346
Tmem141	2.713548709014066	2.640436052179956	0.1281754568330362
Tmem176b	0.548851920668799	2.031901928005645	0.0590870101976572
Tmem219	4.539100759448299	2.2659456021093773	0.0721036019162716
Tmem48	5.422017916927938	2.33003744845079	0.0952462889157485
Tmem55a	2.34362931346538	2.283775122526338	0.1045137474106839
Tmod3	6.3195844562184	4.490119421892465	0.0556803757825234
Tnfrsf13b	3.5333459908175087	2.951933289820299	0.2207730959903039
Tomm40l	10.6449682690067	4.974271173759686	0.1604443121595075
Tpp1	8.1592263617467	4.492364089251782	0.1330672922266671
Trak2	6.62400049415974	2.209818815940296	0.090532986202719
Trim23	0.48113718857633	2.1098079150864857	0.0824002758922219
Trim8	0.3987589161207996	2.1523001911513693	0.0976134295306473
Trmt6	0.38295598999908	4.599404642170529	0.1987908669439704
Trp53inp2	0.1345687095674002	3.2870041827491234	0.1772172710416058
Trpv2	0.9165751174462304	2.814056729974659	0.0439772678022791
Trub1	2.334741969184356	3.583730235976914	0.1097648133069832
Tsr1	3.1451968866504103	2.0419167759576293	0.1063080693730479
Tst	0.0580533969570087	3.813121911797184	0.1994599842469804
Ttc7b	3.369834190149911	2.309037223642131	0.0952991925611584
Tubb2b	2.1111667738277973	3.3471851593537165	0.0678076440583639
Twistnb	5.70497125071962	3.142315227355756	0.1118425207599337
Tyrobp	5.113043182006883	2.1072600597342315	0.064831686973407
U90926	7.4362498300171715	1.8310425264085832	0.4830872020417919
Uap1l1	9.64208241613867	8.436956082272346	0.1119831191847507
Ube2d1	1.0330743818509092	2.3947264415852434	0.0387505124526946
Ube2i	0.60208410314794	2.390617368968964	0.0380583418056492
Ube2r2	0.0894206477093506	2.575816648360706	0.0289390760671468
Ube2t	11.6125445899336	4.354076992113328	0.1391631036907138
Ube2v2	8.39581976715848	4.868339655866225	0.1447640256483562
Ube2z	5.990949251895692	2.140501046511547	0.0168589996194655
Ubr2	1.8398519213376	2.514017620856293	0.0451958933083177
Uchl1	9.828005897566667	2.562526157012886	0.0478376220873359
Ugt1a5	2.0447653913674007	186.23733830336064	0.0383384908580676
Uhrf2	2.54460659876393	2.6905301410266658	0.1089596554966352
Uimc1	5.387788069376439	3.651873013751104	0.0467441063859763
Upf2	6.243814073457273	3.59222863088692	0.0662501863482138
Urb1	7.868415945615698	4.200422449908402	0.0676062122021393
Usp16	1.56080295915954	2.0807304568855467	0.091673184745369
Usp43	0.7099062113296988	2.664866708495037	0.0536665972860981
Usp46	7.269708598629311	3.122731741014255	0.2004641381149606
Utp14b	5.6043504533035	1.9229054546350064	0.212126063260994
Utrn	2.835043716153301	4.042911199231808	0.2285611422249944
Uty	2.68099169633946	2.567354981886615	0.0686573980929877
Wasl	3.72508434657982	2.240867062216443	0.0615247862671006
Wdr5	0.7113181272533	5.337479961611441	0.1228777706407197
Wdr6	9.7029264918421	2.838438483629061	0.0552831569721187
Wdr76	0.6271077984358241	2.7798349385372783	0.1379311841554317
Wfdc1	5.0285137137825	2.502264185205425	0.1764669879427119
Xlr4a	3.8069832473107006	2.197027823890895	0.0942815354537762
Xpo5	5.90904982745744	2.900965484826109	0.1562276204384553
Yaf2	3.05508432000016	9.581285833868616	0.1091834173865251
Ybey	4.132423025661499	2.424114459210564	0.0465194533278842
Yif1a	7.357181159239699	3.7224524135304153	0.0268529339291248
Ywhag	5.9854201203415	2.1805113335691715	0.094428889012883
Zbtb16	5.873645425276001	5.866845537115146	0.0398102135628238
Zdhhc21	8.2232369269207	2.1855642417274246	0.0419149295467478
Zeb2	5.706057516102064	2.804138325572271	0.1404558116029038
Zfp111	6.75874167629705	2.3811638615605104	0.0337280017846613
Zfp192	6.939248697251678	2.2924897258118926	0.0584530031752232
Zfp239	4.14732255446928	3.2393171128265146	0.170392392569846
Zfp259	0.6280476759474851	2.358942536015925	0.090651326912893
Zfp263	1.9885388195422171	2.489278088560201	0.0684149494716103
Zfp319	2.439309432622	2.0794873304529538	0.0410101538139035
Zfp366	7.19488264449638	2.249097627661828	0.0264656234916161
Zfp407	10.19046199431094	27.629923629424496	0.0449317926444655
Zfp503	4.8846078532558295	9.300670548276942	0.16240649227704
Zfp507	1.7581797639150905	2.6743858277019323	0.1567858551791364
Zfp607	5.050337436586371	4.728048582030216	0.0635147375144887
Zfp689	7.4128659046021	2.819116995796687	0.0238183623522496
Zfp748	9.8575109788388	2.655118068320335	0.1607648031590379
Zfp788	3.48074247113091	2.2588461498349264	0.220009094332878
Zfp867	4.288160390524774	2.002128332082895	0.12217970002893
Zfp938	2.2717514621408297	2.735411395186661	0.1719951506366231
Zfp956	6.219162770499377	4.596236601355956	0.1369232647933425
Zkscan5	3.007063429477739	58.59121430589944	0.2525700430419703
Zmiz2	0.9625480175087002	2.291882162140283	0.0555813818746869
Zmynd15	1.024001164343998	2.228901903853352	0.1066423215752352
Znrf3	3.147397392298899	4.727179530240462	0.0489025032207693
Zxdc	2.72439479350615	2.8166945755206965	0.1282030162154377
