CycID	meta2d_phase_diff	meta2d_rAMP_diff	meta2d_rAMP_diff_sub
0610007C21Rik	7.629788237374601	2.612191900604134	0.1146506559392817
1110006O24Rik	0.3443496637248797	2.889495732179566	0.43505615621339
1110008J03Rik	9.2514932611381	2.859714533019824	0.0703372493001975
1110038B12Rik	5.449986851895961	2.035303537674889	0.0966184355598308
1190005I06Rik	9.446093415824553	2.1240846361180457	0.1371760632948779
1500032L24Rik	10.00359257778544	3.065169601935087	0.0437165971732986
1600014C10Rik	5.186501944339401	2.806322921388116	0.1673545612499878
1600029D21Rik	2.2043631961497097	1.956158715215706	0.5719838071633919
1700001L05Rik	0.8742309871557996	1.8644716025979509	0.217596581270477
1700018L02Rik	8.3438444911732	38.85896872766149	0.3561752125890565
1700019D03Rik	2.7882042961956213	1.7807407279633505	0.219015847017973
1700037C18Rik	9.874470788285702	6.93388440588185	0.350025624916556
1700071M16Rik	9.1600436165366	1.895277492231053	0.229681657543485
1700123I01Rik	8.62675539454278	4.071563740244188	0.2535224333035641
1810009A15Rik	4.308095450976399	3.014397772567168	0.1085507119418933
1810063B05Rik	3.9659611356038313	5.410067561736366	0.285456296695398
2010107G23Rik	8.29728669686936	24.57217391962401	0.3434536690170747
2010317E24Rik	5.0660018362624015	2.7565238223083632	0.1350816212664612
2010320M18Rik	9.12070990457244	2.735058692265248	0.1491621551142359
2210411K11Rik	4.95300794375018	6.174647488430753	0.1281198255287239
2310001H17Rik	5.753652956100002	3.7259367637675327	0.1251276087560441
2310079F23Rik	1.0413984399928005	3.775810537846565	0.0873219821075821
2400001E08Rik	9.72183677775001	2.5399026110221645	0.078830986816452
2610528E23Rik	5.297748830153861	9.930676029877787	0.7118563270845144
2700038G22Rik	10.6391964996006	3.1320664680535537	0.2125137655880146
2700046G09Rik	8.02453659100231	1.8492631165736684	0.2707582750677511
2700097O09Rik	2.9665706852475004	3.3690498935697506	0.2192154662330387
2810002D19Rik	8.315445633348258	2.0486681004762124	0.141775791184246
2810021J22Rik	10.76219762950273	24.12545814922513	0.1555964835578674
2900076A07Rik	5.101572642443699	3.0722142750821875	0.1435393309275623
4833442J19Rik	0.0908332342125994	2.02510350505374	0.11319579532652
4922501C03Rik	11.27362054290162	2.0238631737166126	0.124191411800952
4930405P13Rik	0.3198892273707017	2.516895286724649	0.0945787466113839
4930483K19Rik	1.1205274852470009	1.805270749457868	0.308558234675686
4930519F09Rik	5.801488786581277	2.766927992533746	0.1059616776472091
4933405D12Rik	11.98260908952232	1.9129311049167843	0.25465399056203
4933430H15Rik	3.1751605545543304	10.972667062471055	0.1588032072679251
5430417L22Rik	2.3687586357965342	2.312360397141367	0.0640884777242292
5730437N04Rik	4.406718461572329	3.106424238367363	0.0948417052840823
5730559C18Rik	7.213685586001923	2.3094601721742323	0.114631164750466
5930416I19Rik	3.649165151153001	2.635137066382728	0.0401198003009641
6030422M02Rik	2.7643651159291203	2.736866291744511	0.068932427136864
6330418K02Rik	3.191297870856399	1.988386214953939	0.2358702843440699
6720456B07Rik	7.551134108044236	8.116340853743871	0.0878188040624297
9130023H24Rik	7.580252830335469	2.729419655919988	0.1500739662022248
9130401M01Rik	5.260829623683641	3.580314738481109	0.2197440512594464
9930021D14Rik	5.733434627213798	2.0369378182680533	0.127625021347967
9930023K05Rik	4.63708007793714	2.9950606375571067	0.0796148300567486
A430107O13Rik	9.803780624211878	2.16654879228756	0.1542967212170899
A4galt	6.498906481260102	2.781759515534691	0.0874482569715407
A630075F10Rik	6.2515295656091086	3.3285285187030094	0.030340088388596
AA960436	5.528599405287011	2.215994121185373	0.0948501412742239
AU019823	0.9598059953749	18.094874776051483	0.1210250292048082
AU021092	11.99603724341881	2.2572243488270307	0.149960292316842
Aadac	10.20192365907091	2.163007152918152	0.33749165703882
Aamp	8.29494642255947	14.872768344880392	0.1195724796716033
Abca1	7.537904423105902	10.826721540822444	0.3296656611473961
Abcd3	9.352418945670118	25.222349356988403	0.1597154871888298
Abi1	6.393362649811462	2.298517551103771	0.0691432392677105
Acot12	0.6765853391238004	1.803038495041665	0.4459263744865459
Acsl1	5.8840296673434	2.2232307291610898	0.1374363367957899
Acta2	5.235646925754629	2.1713728015710467	0.378709421166802
Actg2	7.815210677436919	1.7737005180128718	0.434887168150075
Actr6	8.526887655376001	49.39272987358659	0.119188831407284
Acy3	2.350918581353902	1.6631172140893655	0.241406263449959
Adam15	8.26502381208264	2.262333837643832	0.0971736445745112
Adat3	11.15131386523831	2.7151764106594887	0.1052674953901531
Adcy9	2.7130516831172	2.264521938242049	0.0670725024997304
Adh4	0.2524131977327002	3.664070467157064	0.36382135622263
Adipoq	1.89907164565345	1.553793352414519	0.252786090895472
Adipor2	3.830614170468501	2.1058124380808243	0.0992448746634867
Adm	4.8195073796889805	2.8649255490934533	0.428904006194459
Adora2a	8.88583941162416	2.215852651812229	0.0620684802283676
Adora2b	6.784006561187301	3.87479007036512	0.253497376856522
Aebp1	9.98369933002715	8.113998272735257	0.3108729882026635
Afap1l1	10.487570666107333	2.4303895390698176	0.226239288183131
Aftph	8.00303531614794	2.3806419238222096	0.0455424076544913
Aggf1	1.5283303015560712	4.1970536591900345	0.0957860515865245
Agxt2	7.934855307865501	2.07032469497706	0.0409558776680794
Aimp2	10.0669773181507	2.177614338946149	0.163360499297567
Akap12	10.057178925387598	3.7216956572626927	0.2643125743808338
Aldh6a1	11.26278458816411	5.529868904706136	0.2001045924146507
Alkbh5	7.5057818683825985	2.1386832230575124	0.0422416439882537
Amd1	9.028892061254446	1349.82967484221	2.05320477481229
Amz2	2.4243646828448995	2.0634979686439743	0.030098739727827
Angptl6	9.4495253374202	6.047324834772666	0.1022021549718278
Ankrd13b	0.1004997995260299	3.1444285269218137	0.1901325965670166
Ano1	6.0539016883068015	4.146622588033428	0.1462198050955038
Ano8	10.2279157078457	2.7970509855103614	0.1262215553445393
Anxa13	7.5394122230840015	2.083809076312926	0.119968175284571
Anxa4	4.898383289928699	3.751522979608596	0.1749427500221885
Aoc2	9.195578360052677	5.753889593639964	0.1476677820522136
Aoc3	4.4098291095108095	1.772411597824142	0.253120706872167
Ap1ar	2.244082774967021	3.0202747527327176	0.1062362400341973
Apol7c	2.016962556940097	3.0019477785496984	0.1769542265348039
Aqp11	4.389675814635099	3.424619839413149	0.129913539839887
Arf5	10.654125976817582	3.923187276017056	0.049066628780338
Arpc2	4.967837615998239	41.27345003143344	0.0783969697017699
Arpc4	7.787878219799197	2.377130040879244	0.056858662484066
Art2a-ps	3.241713643268259	2.992230641871941	0.3647931565493789
Asah2	2.2949743077546003	5.138502120248794	0.444638786022099
Asap3	3.3356479220842683	3.595998608154958	0.329443259183001
Atg4b	0.0847519043954996	2.3097594956887137	0.0372803179897432
Atp2b4	5.98673367519978	3.047082444002289	0.334269332991713
Atp5d	1.3381313323878905	2.1275005743667483	0.0778939904594218
Atp5e	0.5157979474991006	2.3263241278119065	0.1001667597190166
Atp6ap1	10.8046283533421	5.722468361321129	0.1088149910003756
Atp6v0d1	10.082768225914691	2.54204841454094	0.0500232929025603
Atp6v1f	6.798304984681501	2.035057672567877	0.10749941334108
Atp6v1g1	4.87240471152977	2.204304389517751	0.0752959181457053
Atpaf2	8.861059781749592	3.5514349785848447	0.118817378426354
Atxn1l	5.4300712094029855	6.250194302180515	0.0781250060869926
Atxn7l1	3.83759931581557	2.726155165778566	0.044638417425951
Axin2	1.15855750603623	2.5152600951616293	0.157907172946653
BC002163	6.2381186773482025	3.554178440311732	0.367325420466451
BC005764	4.34455815238414	2.5373474751165164	0.0842787862253471
BC013529	5.10063598584626	7.501569574322259	0.1163558141463071
BC029214	3.71329668576912	2.39071643292797	0.0428698923170705
BC088983	0.5939662619743828	2.498319035198302	0.210977611017388
BC090627	3.3537968460714787	3.303504098975045	0.236630380034396
Bbox1	9.573768776038447	2.673905134032003	0.0582277981968734
Bcam	10.94078027108756	2.15220077734084	0.181284537776331
Bcas2	6.27247893617821	3.985741183158884	0.1043890634501423
Bco2	8.8602875149369	2.297051422306088	0.1121601803006064
Bhlha15	5.204744976804502	2.0988790798079155	0.0951710381908848
Bhmt	1.63638999076227	1.9201217931167995	0.4306926565323979
Blmh	2.4324803020122	5.020386674199896	0.1283542632913807
Bnip3l	4.06231934229879	2.7452755933663524	0.0790967203740464
Bola1	11.0548483601486	3.6119662329207816	0.237294968445359
Brf1	5.658327946094429	3.4631176248284934	0.087362337978165
Brpf3	1.6111486943209892	3.6174651469144847	0.115302682260236
Bsdc1	9.82292317875167	2.9844502875905268	0.1032864817587605
Bspry	11.79129249043963	2.5325637344606746	0.0846997062642594
Bst1	3.6895168682411	2.226889297407078	0.226128364253666
C030044B11Rik	0.8326348956163496	3.081609044219284	0.1566821696458449
C230052I12Rik	11.4292277024127	5.803707006199889	0.0811878783734855
C330022C24Rik	8.4065137066544	4.164057594530935	0.0962392310696078
C78339	6.53614803343325	3.7394701984862806	0.1184461239917191
Cacnb3	4.27251797085625	2.049789903766852	0.134392618905525
Cad	9.2561679503341	3.782351614901641	0.1212605483281915
Calcb	5.1038867197538025	4.216445603015594	0.1845859397892227
Cald1	7.656985860594418	2.893047251792628	0.312314192792213
Car1	10.5443257273333	1.5666611772331878	0.70399568063709
Car13	5.0043508525183	2.2676394254543184	0.178910902787223
Car3	2.0582174825162944	1.2550328315306536	0.2660676021011701
Cbl	0.2371718943207899	3.187791510691913	0.0780032507927721
Cblc	7.66756836589724	2.104147663089877	0.1064203165342488
Cbll1	6.330832143441	3.0098089921445443	0.1102907726458026
Ccdc15	9.471205727654972	3.658104805017392	0.1198579486564584
Ccdc32	2.836046419137649	2.429631542302299	0.1070926204388121
Ccdc41	11.87295768676748	2.741583969872689	0.0823869427075296
Ccdc69	6.793995787596	2.213900796525252	0.197424366518346
Ccdc84	4.354484540848239	2.0779176101929537	0.0357450528422811
Ccnd2	3.4844489017904987	2.971351246923375	0.2054847708808609
Ccnf	7.96744103995583	9.278054517984463	0.0914873484777973
Cd177	10.467236815736111	2.42583050413649	0.289411229363278
Cd19	10.67007559383312	1.4739855864185836	0.207913497994618
Cd200r2	3.148590276977789	2.640566729504584	0.1306735703838146
Cd44	10.680161140631268	2.396833822881075	0.0780738522024349
Cd84	11.84044652969059	9.574825691407517	0.2030440379411696
Cd9	3.4743876731029903	4.579094694076552	0.275130442213204
Cdc37l1	8.68761940641728	4.141748205442397	0.1238727847910533
Cdc42ep1	1.5309639380865008	2.199096260925668	0.0831912234713314
Cdc7	7.77176723208521	3.302226352591026	0.1111587191406503
Cdca2	8.578192394230769	3.476384197536415	0.0955114635390401
Cdca7	2.5697867376996	2.062076642214214	0.0893480465034639
Cdkn3	2.0017608282235595	2.108680476021596	0.1682588528697829
Ceacam10	4.22523947480893	2.402737522175255	0.252623474666473
Cenpm	2.2791273729143	7.274181163267177	0.194059919957325
Cenpw	11.50829489074207	6.609119510096195	0.2838438845923732
Cfd	0.486824817488685	1.955361886738078	0.6828853360047359
Chaf1a	0.8145086451826025	4.094895854652902	0.096587233070292
Chga	4.1580442038775	2.3756235368406977	0.155665050163886
Chka	2.4470690550244294	3.9819715218634935	0.222208489661409
Chmp1a	5.29961200829258	3.5504739729098493	0.135708599168026
Chmp3	8.14948417346576	2.2983342000801303	0.0732788442388913
Chmp4b	11.73194809958075	2.229243654506863	0.1078998506372693
Chmp5	6.063236572964712	3.31057831952856	0.0441826212761532
Chst15	1.3410468210407984	2.2730761126108447	0.162495164361174
Cib1	9.783061919713289	3.23505509958772	0.0756682488937678
Cib2	11.165243800323564	2.2508325595856498	0.174132406833539
Cinp	10.575623974219988	4.810289893971445	0.1034803691862955
Ckm	4.970883653644695	2.50164213004196	0.293888791229898
Cldn23	9.264101215065958	13.928749193582204	0.1446933797357079
Cldn5	5.24333569769111	2.046085996299995	0.1639101920958109
Clic5	7.157142758328799	2.4601802255949923	0.098322265599916
Clip2	11.40838172331112	10.83123312819352	0.1901113951921487
Cln6	3.8352392731374296	3.4037242436503807	0.1472951068167218
Cnn1	7.37263278558698	1.5739518081284531	0.319851772899246
Cobra1	10.210980680581848	2.234458629658985	0.0249581665479817
Col14a1	1.1275260779907017	2.8843870004115457	0.286867622362479
Col23a1	2.2171681274361035	2.127275585792591	0.2124234357867259
Copa	6.274843809264498	2.139022353125411	0.0380211554486437
Copz1	4.249547896912398	4.688815865286061	0.0766302030295879
Copz2	1.7048773255212026	4.608978975748275	0.250525472611184
Coro1a	4.433164674165301	2.033601217509297	0.0948965195014677
Coro2a	4.79762964521179	2.082948744280096	0.12613602239668
Cox6a1	10.24463138608086	136.874230682693	0.1486949713329017
Cox7a1	11.58036729443226	22.51274357397961	0.1935378019801827
Cox7c	0.947798644142301	4.506672592408103	0.1495673434413232
Cpd	4.366536888796311	2.2039105654307805	0.0819551319384069
Cpox	11.95760099219647	2.663111630525452	0.1019374353389267
Creb3l1	4.557988489238311	2.809745061046624	0.1601052893839435
Creb3l2	0.6188660315213994	4.550767801694319	0.2492808915979745
Crem	6.14893690678835	2.7693999975658943	0.0738768182358287
Crtc2	9.36070152434924	4.132851686650535	0.1398189372560928
Csf1r	3.0789306107843	2.0037351550459235	0.154516759273643
Cst3	7.5864258186008	4.554414729987267	0.1397655371493502
Cstb	4.4463256022424	10.510035497116512	0.1849852552782648
Ctbp2	7.18992941781644	2.373903903132421	0.0426331358061731
Ctla2b	2.9913815266714003	2.907736880150168	0.309446988043044
Ctns	6.954980901575958	2.194954202899478	0.048039227515372
Ctps	0.117687648356501	4.680524378115029	0.0832407474115977
Cwf19l1	11.3398850241125	2.1115577480049392	0.0693600380023087
Cybasc3	5.750786521017821	2.082023447481262	0.0302211037799862
Cyp2d34	7.377672372441349	3.1930479101478406	0.782344049474498
D2Ertd750e	4.473289895442391	2.971541450519307	0.210591830666972
D4Ertd22e	0.5551511611145798	4.900782261788125	0.1412415034791052
D4Wsu53e	10.60217954837914	9.90078076474694	0.1643381622110515
D830030K20Rik	2.08516097740827	3.84880443418036	0.077293447253262
Dars2	3.9860248082691	2.6043021846680654	0.0870212512454877
Dbndd2	1.4518642176574206	5.53526776673584	0.1357606392678055
Dbr1	3.912933753226568	2.336091417267247	0.051187054847979
Ddx46	3.86161619129625	2.622384390522771	0.1466134762123518
Ddx52	6.53961416484544	3.014062443826002	0.1475222004338742
Decr2	6.663960109318099	3.321061132269433	0.0565093007657339
Degs2	6.056602402972802	7.102164663711752	0.1102583568301623
Dennd4b	1.9589342964976024	2.4793043441311897	0.1196994379635447
Dennd5a	2.5066124631369995	4.364320016008676	0.2051784911252311
Des	7.522224225419389	1.696055134075223	0.361680763839905
Dll4	0.4312337150699701	3.1599939633529908	0.273169773674372
Dnajb5	4.722968566577501	2.21230316407256	0.1455437465726699
Dnajc21	0.7669021134775839	5.8800464940148505	0.1226435926360574
Dock8	1.852763325367441	2.064513328408637	0.0375011570428002
Donson	1.11500719678705	4.109630696544833	0.0782550961329218
Dph3	7.1152175431366	7.022087545596211	0.182498166309591
Dusp14	3.677325294841429	1.5447687527155622	0.22165083075088
Dynll1	11.096447162125498	3.6711004659442232	0.2434248602281563
E2f3	2.94833740525827	3.4228840783637104	0.1159336555656728
E2f8	10.643924950030728	2.0200146574118727	0.0429045080387734
E330009J07Rik	3.090480217852331	2.400092395438153	0.151726579458181
Eapp	7.570147903039402	2.981642471366514	0.0984410426356719
Ecd	5.2887692071349015	3.653184531850599	0.0449442133350252
Eci3	2.2626879031237017	2.3122927392672805	0.0488486939679453
Eea1	6.580212750097689	2.1483109324858165	0.1096655224146534
Ehbp1	11.910433728867776	2.367213825495176	0.1315730119370728
Ehd2	8.13454698474832	2.10078617658552	0.1900005798920629
Ehmt2	11.3451420094535	6.22072500674378	0.1821754666304634
Eif1ad	5.232944910896897	3.516351600845925	0.1621236572028839
Eif4g3	8.44597547620295	2.3757176746388446	0.0840490457673499
Endod1	2.30947023733321	4.951213657010054	0.2489312766681305
Enpp7	0.7455961873307011	1.5675112769269333	0.214264777433205
Entpd1	0.8505127848201006	2.847793813705484	0.1967405807573359
Erbb2ip	3.04139407732257	2.890643512842091	0.1425761384317716
Erc2	11.330437789993818	2.0662551629692407	0.0990375757951859
Ercc1	7.13870326192017	5.91872072368207	0.2349029504988896
Erdr1	3.0787801305093616	2.006175838177892	0.2572789271734749
Ergic2	8.655888905161616	3.258222098003972	0.0812950071839136
Ern2	6.30440742228762	2.6855559103699265	0.1181917354011504
Ethe1	1.3370961025737902	3.0918820905846465	0.290421031666047
Exoc8	5.165853233078531	3.7880603665216266	0.0517637456652531
Exosc9	0.0990992207767496	2.529029415094859	0.132580668808988
F830016B08Rik	2.13818325009643	2.06759180044194	0.0936811329372911
Fa2h	5.120342778879	2.0410661487180244	0.439984713771272
Fabp1	10.27562173168774	2.0312694461024337	0.450614340238651
Fads2	5.19921076268758	3.6428862944621	0.1930544897550051
Fahd2a	5.105552827345321	2.081918944541885	0.0571487389813671
Fam110c	7.0849236298139004	2.112716022105529	0.0670126458575993
Fam120a	10.59723238192815	2.499508193340575	0.0531326199971753
Fam120c	0.1236616059986985	2.539067202003166	0.0823436336635393
Fam13b	10.276239275550598	3.4639679647599406	0.0487665306489725
Fam151a	5.2984274044389	2.207359001481715	0.3230927108289689
Fam161b	9.3950255646666	2.4966105976155526	0.1091229586393273
Fam169b	6.9780174660822	2.384298783850073	0.1085291913680177
Fam174b	3.706182004392701	5.580690386706093	0.1959659311696354
Fam3a	6.947242612696289	2.6325116908673665	0.0696465535549143
Fam53c	3.543067505753419	2.87862948324932	0.0835796603270178
Fbln1	1.0797618763958	3.133008919717694	0.220369275920665
Fbln2	0.1865552101631991	4.5694948679522165	0.1723629335657055
Fbrsl1	8.636366780413509	2.612902890585487	0.10800194148722
Fbxl22	2.108222289315097	2.178031879248381	0.141840871118931
Fbxo32	0.1436616951105198	1.8447644268910468	0.232126281172521
Fbxw11	5.867930489934508	3.445094788755285	0.075138541815354
Ffar3	6.918099835431641	2.0431299149524857	0.18447489392744
Fhl1	1.9441599384629	2.1523974927391287	0.174883926447839
Fignl1	2.9229451863114004	7.590476248679383	0.308325355434393
Filip1l	8.783658485843699	2.6433276761902893	0.1434771591685427
Flna	5.695275784426151	3.0339984472999264	0.381373275729568
Fmnl3	0.9457256158031022	2.550967239605669	0.1083515857200469
Fn1	4.787566055773301	3.4766370730046483	0.283426548916885
Fnbp1l	0.3036069215300199	14.56178286053628	0.0934323414889538
Fsd1l	5.92421002640204	32.42559444257156	0.1690469700605827
Fxyd1	6.412695133551198	1.7030576673008442	0.274491217415316
Fxyd6	6.19521472829463	9.315503396226257	0.4835924066954774
G3bp1	6.694657675427621	2.928463519524908	0.0596026328645125
Gadd45g	4.439308032743961	2.02901621085092	0.142857645015249
Gal3st1	3.14566470124742	12.58391904426812	0.1886487514346287
Gan	11.08754003802194	2.3735014466908515	0.0857003923530534
Gar1	9.69560177322129	2.146863769003871	0.179261034612966
Gas8	0.3623138307773601	6.740163131385303	0.3939451953533236
Gata4	6.2320105780900015	4.544379068158363	0.413146380534227
Gatad1	9.407848168140902	4.142442009271065	0.0792130271818828
Gbas	5.426517000026799	2.1379794887823107	0.1119813840375524
Gcn1l1	10.135549417079998	2.1549581183676687	0.021623183962088
Gcnt1	7.2048024808549584	1.791322488142028	0.271477468799743
Gcsh	1.5850235763775	2.2486145599257763	0.0961263647067154
Gemin5	4.8432084574930006	2.154217070660708	0.084217085393256
Gemin6	6.717586348705847	2.2294924430830454	0.1394878768501329
Gfi1	6.405766137166758	3.27100311371654	0.239910632785472
Ggnbp2	5.974484347412711	2.1335839270977086	0.0747445617990236
Gjc1	1.9731452655786013	2.066603936986349	0.185239494075108
Glb1	0.4954496452659001	3.3437768784310817	0.1106263874991137
Glg1	10.90938113347643	4.359882770746323	0.0455909467659225
Gm1123	7.304131047316799	5.113990663292095	0.131510785093316
Gm11627	7.85327780372759	4.666626957053798	0.257128214134882
Gm13375	7.853419342195309	2.243669509151216	0.199054479049034
Gm14207	7.448453654591731	2.239223642071201	0.1893812801512819
Gm15708	1.3074144809688706	2.367489870675447	0.1308380845616965
Gm15800	10.3814748342297	5.487385699677218	0.0822609021856771
Gm2011	4.800362935943699	5.4250591638817545	0.1517829281108552
Gm3925	3.6000639943914	2.2412534387515355	0.0939705780230589
Gm4532	8.575902984589751	7.512725403000362	0.2358619835481474
Gm5105	0.4366332564001993	3.958073934295423	0.302626191613153
Gm5485	8.6717745914681	2.156214585137	0.176501057586935
Gm561	4.6140122149536005	1.6458462681108497	0.2920613768293169
Gm6907	2.4220818708482	2.361644233347472	0.1261223754883896
Gm9320	1.1081079818422008	2.344281421918172	0.164413431884877
Gmppb	11.55372144858615	4.56131661855891	0.2642924483184338
Gna12	9.152011132826276	2.47509101083258	0.0448848396069732
Gnas	5.89226987216483	2.2516584786604708	0.057890253119084
Gng11	3.681774110509679	2.4515491844153683	0.0830664265538634
Golga2	8.569827851647972	2.488472260460679	0.1154783462874644
Gosr1	2.3880952046234505	3.334314648870748	0.0367850923180093
Gpsm1	1.9153055533005008	2.7227304988049803	0.277426918928859
Gramd3	3.154272939227379	2.215159155519953	0.0906617276560417
Gstm3	9.68341482426528	2.077169949803055	0.230818688784035
Gtpbp1	6.529004817971998	3.860238713879828	0.0723885572945312
Gtpbp6	10.72724806960982	5.485776864697349	0.1238555398344931
Gucy1a3	7.615329561136612	3.7187573115701738	0.273817527825947
H2-DMb2	9.31602670053712	2.3323990561271715	0.139869453483179
Habp2	3.858914010901003	2.4302230637494944	0.182258704557209
Hap1	11.994557948950494	2.0923453899805464	0.145327111998137
Haus4	5.8917395392025504	2.5596188314328527	0.1309547308536534
Hba-a1	2.759412132042801	3.2510363283900627	0.4606386002710471
Hbb-b1	6.890866944739997	105633.18554219729	0.1256528576126473
Hbb-b2	4.0545002597758	1.4860373046710298	0.225094470265795
Hbxip	8.843073940878499	2.703891591928872	0.0775720543372797
Hcfc1r1	10.43081433494344	2.3700637387292405	0.0599472452737921
Hdgf	9.393258847414298	2.749179688726828	0.0668338568732693
Heatr8	7.2699782941013	3.6553536761804897	0.269077584212284
Helz	6.5858210854882095	2.323444794734033	0.0650208896583343
Hhip	2.934412468767597	3.145946954455107	0.444926198729126
Higd2a	0.0462827563203003	2.420766140392953	0.0634811917192195
Hist1h2ab	11.51047366865765	2.0244694208417178	0.1543053690103389
Hist1h2ae	3.7562598747503007	2.114965552614879	0.154727180845885
Hist1h2ai	8.335244886883398	2.0366297520105467	0.25927135905739
Hist1h4i	9.2094863157724	3.3882623960479856	0.419588735231814
Hist1h4j	11.20855301020262	1.9080364401187453	0.212914826589568
Hmgcs2	1.0323151978402203	1.7098068243393791	0.414202742027424
Hmgn5	0.4905212957028521	3.466533618561056	0.1838627655201316
Hnrnpf	11.32725658597789	2.198453313127589	0.0410432903432301
Hnrnpm	1.368608532921972	2.7288344601881422	0.0420670429896701
Hoxb9	5.64958766268103	2.598830261884596	0.387709927549148
Hrh1	7.01913561277509	10.628150243264406	0.3174554051367951
Hsd11b2	7.515685396665301	2.8284843029964417	0.3477296676450659
Hspb6	8.298532290810058	3.514858379280738	0.3197506064201529
Hspb8	7.4144091872858	13.641898434810642	0.8790672497193326
Htra1	0.0104999092861994	2.4423763016201216	0.0819908596128877
Ifrd2	0.0929936737952008	2.0259306609817105	0.15836963910865
Igf2	3.7568561597234016	4.404263877902164	0.420771353426351
Igf2bp2	9.468765245205532	4.613328080105107	0.2121311083022779
Ikbkb	6.48561343387839	4.3633995178503735	0.164149604260042
Ikzf5	7.432803845307418	2.364871787673943	0.0681085107481893
Ino80d	3.1092348820439497	2.094922598143154	0.0276217482443798
Irak2	3.276326883551839	3.733955360527264	0.0553925833041258
Jam3	9.700913761869792	5.707371521894214	0.1812158781208667
Jkamp	11.06274341731427	2.5895038223971043	0.0724427561154097
Jmjd4	11.553139209727728	2.72247766025404	0.0666428360736719
Kcnj13	6.41350454889222	2.9353622184939523	0.253469660826635
Kdsr	2.8212678499633004	4.811519743862034	0.1722212763617035
Kidins220	10.85807753493238	2.456667168054969	0.0774646089293369
Klc2	4.88332264092722	2.0729612732420013	0.0713182746913204
Klf3	0.4724897248227599	4.397729627613417	0.1224606256167169
Klhl18	6.239989994259883	3.3360911438334733	0.1054815975452506
Klhl25	7.583154987955499	6.571852134074053	0.1728084604875445
Krt222	4.0064572201679205	2.539957947540719	0.1176151770923515
L3mbtl2	2.5067151964921006	5.450019339906359	0.1731142901252065
Lactb	2.4327033452793003	4.585884130882513	0.1263800787511144
Lama4	1.540435703362899	2.409559516594193	0.1518138025955019
Lamtor2	11.3593642759118	2.911136944325847	0.070053981464489
Lct	0.4391235158650026	2.894316217122694	0.4889374116005389
Lemd2	9.997038026285129	4.597176084497086	0.0871237521101634
Leng8	7.63547111574101	2.8505119399411845	0.068171217266981
Lgals4	2.9159093208511013	2.044966552368564	0.0992862205080986
Lgr5	4.717002635183498	6.0981856241517285	0.3841323207451831
Lin54	7.536106287993199	2.153021805213656	0.0558749942443815
Lipe	2.3594280369384286	8.606081085042442	0.1020755628312009
Llph	9.4315034135116	2.056786288597884	0.0878558398465789
Lman2	10.983885763905	3.068973127818889	0.0870617284951351
Lmod1	5.765431538847899	10.0135906033958	0.5995289057208271
Loxl1	10.2547580327443	3.694579854673319	0.2182813134008115
Lrrc32	6.699159733947498	2.7920748544448664	0.167943836790867
Lsr	2.3692018527217806	2.114320193927277	0.0851096578144844
Ly6c1	2.6062032609002994	2.372067229032964	0.3769877693458059
Lyst	1.149321657222398	3.813666285908522	0.1388546243584187
Lyz2	3.1231826881337987	3.8489169506726526	0.2355985580222587
Lzts2	3.3164293135551803	3.210508965595802	0.0896128524832307
Maob	7.018294185776831	2.696157823426369	0.182529353476413
Map4k3	0.3585928682106498	2.055472775008298	0.072460962725626
Mbd1	0.0654335881575498	2.559299764406646	0.0332914400244936
Mbd2	9.63487402635302	2.960248232714289	0.1091919524100289
Mbl2	3.468443120206951	2.1770455005132328	0.4423212733517701
Mboat1	0.7993794277977493	1.6797392511696294	0.230151718003082
Mcam	0.6658749646635016	2.3848074628276144	0.1799259821045419
Mcm3	5.1999641572477024	2.272306660524529	0.0880820271085412
Mdh1	2.798712494365299	3.167471350420645	0.1005738825202984
Mdm4	3.5783619066540915	3.140925847970863	0.0997209460937768
Med15	0.2404611920302697	2.484348235246609	0.0687224566284959
Med19	11.099989614017671	2.555961912588025	0.1034791768731338
Med22	9.934834546139893	2.210348370106292	0.06975085776154
Med31	3.2572677753486	2.1165356737589005	0.175909691420142
Mettl10	3.558630608508785	2.3575265372201843	0.1126799006936074
Mfhas1	0.6003848134365706	5.4669956793753824	0.2066700401987328
Mfsd9	5.92228140974051	4.042867646607361	0.1398405371014237
Mgat4b	4.460566425909282	4.066941794693203	0.1415584471938493
Mgll	0.2222904977507021	5.437939459044646	0.2681539262946376
Mgst3	10.0340811111488	20.55235870269452	0.2842620971511381
Micall2	6.3669419596650805	68.47576267457607	0.1713864372989625
Mir135a-1	8.85917232018298	2.757615377039878	1.203447238747147
Mir719	9.881522676344504	6.961554724244933	1.377738708940974
Mmp13	9.1320162324102	2.0177233806417343	0.1962102164467709
Mmp14	2.3614339816769805	3.130031910762614	0.0745999830592306
Mnd1	1.334964511737931	4.251154572283534	0.2712145516133141
Moap1	3.0586982345461	1.8318693505999093	0.297917195722222
Mob3c	3.3276817299	2.060643992569607	0.031460610629832
Mpp4	4.8172072514812	2.8147528034110825	0.204385953776208
Mrpl30	11.0324243079917	7.204168110115764	0.1268145040987301
Mrpl33	1.8843060217121683	8.62974839665518	0.1888904007971503
Mrpl43	2.57691720207467	6.417686984284647	0.1007915997165466
Mrpl46	9.7303285568236	23.996853409313964	0.195654052622067
Mrvi1	8.848735144227852	1.9041929968600504	0.2160902512722879
Ms4a6d	7.106557331521099	2.065771120701444	0.138653596234698
Msmp	2.28841925976121	2.8464714963611093	0.1503687013977281
Mtss1l	11.28671070380172	7.560406534900061	0.1481889990732128
Muc20	8.496218628003572	4.371576342346005	0.1588682568850129
Mxd3	10.514408224192602	10.490417308364345	0.1583142227166902
Mybl2	2.7158417019554	3.672679760226042	0.1546663757075984
Myeov2	4.6128888874099	8.098268906638319	0.1210781619396687
Myh11	8.04385781273232	2.4581108839530343	0.51901161916919
Myl9	8.003366585886962	2.4950101436412364	0.475348521194968
Myo7a	2.73687140616668	140.51461054525657	0.0514274899926508
Myom1	10.526123777207902	3.948174066475102	0.520701165802481
Myst1	7.557732904457099	2.7033703386181203	0.0768592590718492
Nanp	11.22202335856128	2.883506295934662	0.1709493021770171
Nbn	8.642465150347611	2.032074490465375	0.0596726834308437
Ndn	5.99246008684252	3.62992621906569	0.1882349641764079
Ndufb11	3.942415842843701	2.177055966111032	0.0803023134718235
Nedd8	2.01760315196136	4.626182977517432	0.1191438285461063
Nek9	10.521798949997962	11.487300964662488	0.0676609913809528
Neu1	5.58618038043912	2.2244260238787903	0.2536836637185889
Neurl1b	5.85192841263697	5.028857199586899	0.314755196930269
Nfkb2	5.238385884494552	2.245800910062428	0.1194149972598571
Nfkbil1	8.99370615287815	2.203939080461111	0.169592175904325
Nhsl1	3.2511070943863984	5.591751587872948	0.0443715345132914
Ninj1	4.770892777117799	3.0383770053841404	0.207681844952301
Nipal2	9.0650875847274	2.712425592756387	0.2227680934325359
Nisch	8.428732736439782	4.2731819804015405	0.0536106892019322
Nln	0.1624496275670397	2.056752649736388	0.152532723053761
Npepl1	0.6351501492604594	2.5845331328593963	0.0683881601935034
Npl	0.5755801153152014	1.8793361478534547	0.2829883763170819
Npy	8.70547141405199	2.790556449805972	0.5330608302014421
Nrg4	2.996155010203898	2.9818362364148854	0.450347374563029
Nrgn	0.611896981692519	3.2800156004639347	0.321846882439719
Nrm	5.892429807980379	4.087960713223165	0.21671063500654
Nrp2	3.2968117823615977	4.173082295974315	0.2374409893681638
Nudt7	0.633507827818999	2.429497423953227	0.0815872217659924
Nup188	3.831041449865598	2.721891233009764	0.0863622066720058
Oat	9.38828759021398	3.252717870239908	0.1051379182116097
Odf2	9.64692205284703	2.473478008414024	0.0993895610664692
Orai3	6.065466443907969	2.449989112798624	0.0741668338702164
Ostf1	7.899231408622829	3.214910833779105	0.0632512599208527
Otud5	11.698206231810929	8.31948681695833	0.1407077925850585
Oxnad1	11.09427201214726	2.653394846875928	0.1362385359568503
P4ha2	0.3485149533001994	2.8438301161243853	0.131088998013803
Pak2	3.20716259915877	2.64035733269615	0.0919195324214239
Papln	1.6356183266745	3.1222727340761502	0.1777494283824706
Paqr5	10.72012608764416	17.109519383066147	0.2808097195531827
Paqr7	1.7386693620340026	2.945927557564564	0.23277397155855
Pard6b	5.970154035091221	2.170256087393438	0.134487272485926
Parp3	4.62013936134185	22.815433824173137	0.1674458570101618
Pars2	9.66342622366113	2.0642086980339784	0.1201068673967689
Pcgf1	0.2432916050687996	2.612321335158033	0.241134320130179
Pcgf3	4.81870645504504	2.62066233361493	0.083165453634052
Pcid2	1.836816711665815	2.010463757994302	0.0084869516760084
Pcnt	3.5216607604996604	4.3219964776869	0.174122176888008
Pcp4	6.693595149791471	1.943261326848088	0.5157374459237799
Pcyox1	2.14780317575247	2.3879778822700857	0.0516816885029677
Pdcd7	10.23597990518967	2.0987748721778194	0.0677182892211105
Pdcl3	10.377025710122162	4.901364972301279	0.0529248761090647
Pde8b	6.02393310263834	3.004684461995164	0.0982979418901014
Pdlim3	10.701799450182609	2.5877296353223067	0.353624583882923
Pdpn	1.6151932434989007	2.036202873749298	0.1119242137706949
Pdzrn3	7.6834334198038	2.368606322440556	0.1424627310258309
Pebp1	7.686684769542701	2.675370855513342	0.0721125570289218
Pex26	7.623682681610802	2.4908675650466297	0.0764236794345032
Pfas	6.76580515553553	11.942987390104673	0.1719058332382297
Pfdn5	6.085116388362921	2.490318450311657	0.0574799051156264
Pgam5	10.59216343757987	3.2191272958254507	0.1078854033957923
Pgd	6.51745255027369	2.305990136777439	0.0632035005320898
Pggt1b	10.08105940376535	2.373189163157207	0.112416901106408
Phax	9.93178664221817	2.4306328895002403	0.15231688593756
Phf8	5.85846600879421	2.2718675768546874	0.0710080193210516
Phldb1	5.986702525663089	2.019033629259994	0.0927235364817324
Phtf1	2.2504607041129	39.20480754920575	0.2200420358536451
Pi4k2a	9.390391618201004	5.142101426382982	0.1190138432598693
Pias1	0.023115367958027	2.666501790044404	0.05755454793119
Pigh	3.280101883893101	3.339635660485793	0.1918515879445976
Pik3ap1	2.58618785529585	2.416980322285036	0.19547644275964
Pik3ca	1.38674363640356	2.9916309325058887	0.0543981585793667
Pin4	10.57901233084777	2.382804002338191	0.1189411589871534
Pip5k1b	1.4774288211699194	2.422472104268914	0.1058831243387905
Pitpnm2	0.074660824234801	2.211708868326489	0.1177612034729936
Plcl2	3.42151771142368	2.5889010840475315	0.0725999399391913
Pld2	2.653667675483039	2.9643235687158835	0.0717078934712952
Plekhm1	2.8744995521271703	2.721051634423459	0.207634060801581
Plin4	6.86582153525892	6.546533307617149	0.3336863712898101
Pold4	2.3574312744012094	2.165252879848281	0.0630164084355664
Polg	2.4724982918646	2.1308652612189967	0.0492356085619878
Polh	7.889597416668298	3.711684537939522	0.123547818576083
Polq	3.3699817279187982	2.348854099784264	0.0882345926444762
Polr2d	1.0873526771565498	3.955345045009776	0.1811800156052877
Polr2e	10.357680948975752	12.092204217769492	0.1933564639136205
Polr2l	3.3281117323128395	6.384530877832995	0.1200484260579787
Polrmt	1.6811141877143	2.689306637185617	0.0322226275459665
Pon2	3.579245055188302	2.528939948061889	0.0468968274728229
Ppih	8.343568038839662	2.0315072806802887	0.12314460513353
Ppp1r35	9.168467376661509	2.345265958237704	0.1540917707061209
Ppp2r3d	4.164848681388082	2.2986444810028392	0.138560674204105
Ppp2r5c	8.60979847545456	5.518179448212109	0.0779591187826097
Prkab1	0.0312488951046701	3.05895915138584	0.1148766804416026
Prkar1a	11.133572073304212	2.18109916026827	0.0455663574790666
Prkcb	0.7560433345178019	2.422092226986389	0.143513246698142
Prr12	9.54997352833654	5.962803434654028	0.1090262892848699
Prr24	10.28381522948728	2.472814994124906	0.166318576441055
Prrc1	6.4681294544369	2.2991487194460087	0.0674288857313889
Prrg2	6.05650110479396	2.258939623004608	0.0616763966231674
Psap	2.2320512037558995	6.802454572263935	0.1118668297886018
Psd	0.2928336232602007	2.841008148926841	0.249152186642905
Psmc3ip	3.3835390556922	2.102204031746639	0.16689891095605
Ptges	5.736880762690298	2.434422801659503	0.158502762852237
Ptms	10.56709974040968	4.612087035491165	0.2489764717122461
Ptpn23	10.68389159937647	7.380549586242822	0.1680648482183259
Ptpn9	0.7935615988837901	3.691307550892223	0.0786465964582067
Ptpra	7.22191172875378	3.280793198692169	0.0993040292736422
Ptprj	4.030300831195639	2.886060397715577	0.227401889548419
Ptprs	6.651176466281186	5.567189924263516	0.1635192486703143
Pus1	2.510751032543899	3.397681951571456	0.1252480074894436
Pwwp2b	4.17324183570124	2.2893305082537605	0.0334837439188809
Pxk	7.781377983104068	2.5428340735670125	0.0558644143945089
Rab11b	2.6992242935384496	3.8206537953944326	0.0261448723610412
Rabl2	6.290972773493298	2.0213389357059164	0.170390773631601
Ralgapa2	3.0196596295085705	2.035698884260764	0.097051698825567
Ramp1	0.8006048030689996	7.701240204476847	0.2477005755016874
Ramp3	8.54506888546532	2.197735171239323	0.1111753679127559
Rasef	0.2083254839443	2.6842658430794915	0.1163291119158251
Rasl11b	0.5281897594168967	3.1267200023199835	0.1073549224402424
Rasl12	9.68506049448948	2.1899833441859373	0.152874245159117
Rassf2	1.6756401308796995	2.194963900368671	0.1610798511515079
Rbm18	6.61219016130779	2.237055733677566	0.0928327516747415
Rbm8a	0.4193795811031481	5.969348526769846	0.1053120240941064
Rbms3	0.175798349731501	2.600328849122897	0.1893185265637479
Rbp7	6.089880156791069	2.423972897426534	0.211320979260262
Rbpms	11.098131689758567	2.937678741869598	0.2005412520423889
Rbx1	9.34928297965372	3.0505958132545654	0.0777846738241709
Rcor1	4.12841288429489	2.502390959580969	0.0917756440612913
Reg3b	7.516042596257169	2.386939913882364	0.216470630037299
Reg3d	0.9277372444352084	1.5207790834171022	0.208420397766231
Rhbdf1	9.778874054540498	2.6729717086391243	0.1427111853360123
Rheb	9.514025846147115	3.2675718172914623	0.0671475218849863
Rhoj	3.6439071626542017	4.073208314381765	0.1444726959221117
Rint1	11.80774931574674	3.1205596628495136	0.0992324287838931
Ripk2	9.78730642599481	3.4505458544646266	0.1122390829765642
Ripply3	11.5326055390904	2.2442980925245672	0.0481785793612584
Rnf10	11.31227984041621	5.085246007920459	0.1016670540752697
Rnf115	11.083671168296968	2.559618500180201	0.0645303671391214
Rpa1	10.004621865475745	2.3499446911665807	0.1288750611262825
Rpl27	2.085541149589501	3.9627196019130735	0.1123019658897983
Rpl30	3.439774768952681	5.038307661664151	0.450448977930507
Rpl41	3.84480778530061	2.0397265479979727	0.0818225654523576
Rps16	0.9590176985251996	3.600435812537451	0.1131120965569498
Rps20	2.1048097717078	2.5062918388414466	0.0763319167905443
Rps27l	4.93576489296572	2.107149930389839	0.0442369250203334
Rps6kb1	0.1861500195891299	5.695716478815552	0.031918810560902
Rrad	3.6634375120336	2.479304394636058	0.0491922716272898
Rsf1	8.53483264635262	5.341135413148639	0.1664493916251661
Rspry1	11.21181824747293	5.595033699832056	0.1368338481116128
Rsrc2	5.41729561182835	2.287639865367812	0.136531872475232
Rsu1	9.321896534403	3.552632235881067	0.1474646834967375
Rxra	8.72810135654024	2.028968445010465	0.0656243237762235
S100g	11.8781148197567	1.3812932699434513	0.219909567894597
Sat1	3.946817498105769	17.857367418082166	0.2097939768088993
Sc5d	1.850016687184301	2.125713994854564	0.0704210810489908
Scarna3a	2.664187121071599	1.2315532721136395	0.3278287075261701
Sec22b	10.3988704354163	8.543278497008151	0.0698334017748551
Sec23b	11.0259936183757	2.4241064822455654	0.0881772549758317
Sec31a	8.907287954244001	2.100210476225354	0.0509529367943261
Sephs1	3.3986332479782	2.438170275268791	0.0475513872243455
Sephs2	2.010297622845726	5.138030343517945	0.1180772156907263
Sergef	8.5025930689239	4.326909347244764	0.2336797569758342
Serpina1b	2.9301269100426985	18.771402930259693	0.3246354588034292
Serpinb5	0.3206447710047992	2.688695115021767	0.1323209007427063
Sestd1	1.42403379922892	3.312912723900092	0.1157363251514528
Sfrp1	4.361426907013499	2.2980216851288247	0.233995785450292
Sgms1	2.613667186808	3.7670877481410985	0.300489242046691
Sgpl1	3.374008890096098	2.074876864573861	0.0622566977750268
Sgsm2	5.30894619087573	3.710544618472303	0.2086132769688527
Siah2	9.71323164150846	4.655707636912776	0.1961127313215344
Siva1	5.19909836099666	3.933230041995	0.1401246308561861
Slc10a3	9.989349275184969	2.434757655568751	0.0971489972600495
Slc19a1	10.73758798652386	5.293826846819194	0.1433185651632756
Slc25a48	8.77081251898304	2.243864190928115	0.2044978200346729
Slc2a13	4.710026930263401	3.158029134185345	0.1457920787781134
Slc35b1	9.948179462545598	2.478511809434526	0.0858958943217115
Slc35c2	5.731961287141841	2.100790985362153	0.1589785330925419
Slc38a3	0.1781160713988301	3.648642873238769	0.1193015092396862
Slc5a4b	11.46443464214266	3.136135916263965	0.399870188244165
Slc6a14	9.81142096633992	6.297423090987843	0.7821389044787841
Slc7a9	6.788292478516102	4.324497253051668	0.0987350067878778
Slc9a2	5.50818015936545	2.725689250721926	0.1665093995698802
Slco2a1	11.39956576556198	2.014677255908064	0.0906592315393764
Smarcd2	10.615065937913949	4.5864017950451625	0.0561127150779214
Smc1a	0.0983933523793999	3.342332024608989	0.1054226267068021
Smcr8	10.7221717913326	7.653564110697575	0.1132098601115689
Smtn	11.97234036473765	5.723029180459124	0.2669306083278169
Snap23	11.3874682528251	2.004650882238733	0.0593094238117794
Snora44	9.36287536509224	1.4423180912978089	0.414041609689203
Snord22	0.2349211175028998	2.4731522025815744	0.2339612500270479
Snrpb2	10.9840832432759	2.462888468482148	0.101802865062267
Soat1	0.9366264479251	2.5435240173593034	0.0799376235838092
Socs1	6.931236088139441	2.7275219987720343	0.345465501111569
Sod3	5.079677335087592	5.314305286370029	0.3619779007723903
Sort1	3.78351404821268	2.9586241890194014	0.1261797763341356
Sowaha	9.71457665130173	2.886949714493192	0.0880786606092471
Spag9	10.19634365282165	4.296660283758798	0.1242961235205581
Sparcl1	5.513159615494301	2.439564209899656	0.176250640601028
Spg20	3.0848448157103903	3.879172847490483	0.181694914664681
Sphk1	0.9121468236684898	2.887063321564989	0.1014771583262459
Spint2	6.26638178356022	2.150294746318264	0.0665203266257331
Sprr1a	3.9686405242104703	1.855668618319012	0.321282145496691
Spry3	5.473820297339103	2.597948954350296	0.25908108488232
Srsf11	11.48340588855164	2.2226804888680665	0.0629321643613237
Stfa1	2.7712133567772703	1.7753387271572447	0.350307793309152
Stk11	11.95949260439578	3.023105733626149	0.062962259151835
Stox2	4.1042119614903	2.314343090827944	0.161310985398078
Stx12	5.436885426416973	2.977181897742475	0.0954909270548516
Stxbp1	8.799710724784099	3.608324615560543	0.0984904454568813
Sufu	8.638960212523731	4.6553503511054695	0.088343353663731
Sult1d1	7.721679070249401	2.650640347750183	0.1653729885599359
Sun3	0.2194758224861992	2.21327725988692	0.0673544810624997
Suox	0.6099302375120299	3.6195756095881264	0.1618718030878685
Supt3h	3.482451436947601	2.811569089445192	0.217999788125228
Surf6	3.933997143219221	2.412574442410108	0.0915609330469043
Syce3	6.832361708500301	1.7765333301423576	0.209684262709828
Synm	7.906788054104691	2.231237899106137	0.5733341612473271
Synpo2	7.9298284213532995	2.0621402755708207	0.34873224883326
Sypl2	9.80399218981806	4.100001463159414	0.38160097635238
Sys1	6.009205445111299	4.9512823683007126	0.1584155789434851
Tacc1	1.4693934980065002	2.315364539704915	0.147026543130296
Taf5l	3.4690633896022	3.041919524054267	0.0718998564435297
Taf7	6.44400537632151	3.3239789635730146	0.0897826491045714
Tagln	8.92498622151398	2.714101292284924	0.338802200442941
Tagln2	2.004462838441601	4.295259688494838	0.0835940235485382
Taok3	5.887070831391291	22.93793811761379	0.1734693183493749
Tat	1.77002603588906	1.4720601552517396	0.207959844292525
Tbc1d12	2.7594148184566194	11.438527823325623	0.1523035073784529
Tbc1d25	1.5999206904996992	2.407769591597157	0.1243149938452777
Tbc1d9	11.42101117955703	6.38184345821049	0.162765680926127
Tbcd	2.64351676412217	4.617677676576041	0.0896643972293914
Tbp	7.31682521324025	3.1889966135003136	0.1231355578563143
Tcf7l2	3.2112498536467093	2.626815887892453	0.1819305607965199
Thada	8.112011132823104	2.0628782094836464	0.1336148303383809
Thbs2	7.54346372571354	2.084861173369499	0.155381848612678
Tia1	0.1487739567740984	2.456705135940761	0.0565930310098187
Timm17a	11.14690402153074	49.807590932967855	0.1625923063929531
Tm6sf2	3.7692530839612	2.1272162422158964	0.0822306112370038
Tmed6	0.6353124216130013	3.9319802060767	0.606623400130231
Tmem106c	10.272518633314098	3.5659558168255097	0.1227401946066819
Tmem107	11.25742253162666	2.5422562107928988	0.250359025305236
Tmem109	7.50504989699246	2.227573795897306	0.0919099367203621
Tmem123	6.1135443379198495	8.299557762373542	0.1988810155126678
Tmem134	0.7802256333875004	5.548997896472965	0.1044828004327625
Tmem138	11.625022905769162	2.097584821441451	0.203984559394188
Tmem14a	9.51682347267813	3.983304869734174	0.2914765444083971
Tmem174	9.965005718698158	19.38176184128783	0.3101105526199317
Tmem201	0.4847044331235999	2.067742980456117	0.0613242174964318
Tmem222	1.9507849184267096	3.20072214031152	0.0590829974964464
Tmem50a	7.519191897828579	9.554905344761792	0.075843503541928
Tmem79	3.6819746366316	3.5026816093106032	0.1289529837045125
Tmem88	8.13584884710022	3.9881971814461807	0.279356780981708
Tmprss2	4.153951389886199	3.1726628504883205	0.0602821411231781
Tmsb10	7.878782380325899	2.794270638743865	0.1637916357544981
Tnfrsf10b	7.703184610368421	3.956588177190856	0.0948387387975862
Tnfrsf4	6.72998347620928	5.289847512728953	0.2706819329755211
Tnni2	8.0149711219482	3.825726962844661	0.1055511476156147
Tomm40l	1.045494535461799	2.1059208125364264	0.1324797748591379
Topors	0.1095610184572	39.01991161135776	0.1483439875882349
Tox3	3.3189673543928	3.492829287027901	0.1872400895376107
Tpm2	8.475139599435767	2.1728014049922657	0.4431772882331409
Trim32	8.180444641122358	5.505286428191745	0.3287588022157054
Ttc23	0.0034960262975802	3.491740309412698	0.1332261510264555
Ttc36	8.39619374913686	2.425413474741937	0.1960926998645289
Ttc39a	7.02389558481319	2.539025317507887	0.1126602371197601
Tti2	6.868663529888931	2.4098655882357547	0.074791125971462
Tubb6	4.0633743651952	2.839814115637318	0.1344645897137596
Tusc5	1.0805162133294992	4.4817874441327294	0.0639632530546231
Txndc5	11.804193300894386	5.044391707137576	0.1006182174624009
Tysnd1	9.55885910814726	2.9611023533054226	0.1519482426814284
Uba52	2.2479096653224406	2.6520208642382506	0.0979644656677053
Ubd	3.17054448883266	2.810702620902578	0.376843426692706
Ube2b	5.639977695456555	2.785314374495276	0.0524168942873679
Ube2g2	7.556365697876281	5.880435193099175	0.0591374348226403
Ube2r2	5.83558272895656	2.9597559593470084	0.0709956129261983
Ubp1	5.042033757480009	3.751121685619976	0.0669397249942679
Ubxn1	3.86208494869329	3.9750623060769454	0.1457595201905146
Uck2	11.1533351593119	2.8585096608581897	0.0862007861558053
Ugp2	4.12939612673885	2.34157625185614	0.0730107936719378
Ugt2a3	0.6080508081420994	3.783406445560437	0.496468511541819
Uhrf2	1.0621507191079398	3.5196551782816625	0.0758291816084673
Uimc1	6.34229363391368	2.703022456274117	0.1387614623130647
Unc45a	11.43633295290797	2.380203372110057	0.0790907806889164
Upf2	2.8794664768389	2.12984665349116	0.1031690013290967
Uqcrq	9.8666700146946	3.5175040503008086	0.1329500704693351
Usp32	3.52680806409118	2.360195773151733	0.0804140492018807
Usp43	5.86166759481733	2.40531603591091	0.0833024324832095
Usp8	1.3626819475849905	2.1627609912520973	0.0495737634653228
Vezt	4.67065053777905	2.089690319050739	0.0565858237656353
Vgll4	3.70919459103711	2.3492814549133287	0.1182201622019936
Vip	11.29103295135085	2.6540098380262345	0.489055841992612
Vrk1	10.4296577790454	9.956278873844589	0.1160477212763566
Vsig10	2.42272772934642	2.109382304955936	0.090678785626303
Vti1b	5.57591363499525	6.310181941803894	0.0723736787702243
Wasf2	10.05513920225758	3.0259268054273227	0.0717187316303088
Wdhd1	11.94796937318851	2.061695352458748	0.0491833704249072
Whamm	5.596220459593249	3.58829310184712	0.2210773278967001
Xk	6.443110901026898	4.6116526559220326	0.0908894754920738
Xpo4	11.63100747798168	2.3180177141381324	0.13367795729999
Xpo5	0.8572854654434998	2.336350957614311	0.0446830087506739
Yap1	3.3213990729075	3.799974880847009	0.0604827014425616
Yes1	1.3428043038597115	2.313303634640152	0.045722311624419
Yif1a	8.881908128356399	3.3373455448486022	0.1351202846088424
Ywhag	9.327315864334972	2.21010820573872	0.1029166552672849
Ywhaz	4.97431661413925	3.286740804941666	0.0705123367965857
Zcchc14	10.76643705640434	2.6361562466085213	0.0658870138290869
Zcrb1	11.39971931533457	3.12685461250781	0.0693623007721438
Zdhhc16	7.79423900699954	2.489753467426649	0.105080236754283
Zdhhc5	6.196455254423981	3.370502290402244	0.0541135455965152
Zfp146	3.392637009265398	2.1731319156688995	0.0941335596613609
Zfp180	4.083518494877286	2.452096514216458	0.0698731978994292
Zfp239	3.9559919859560218	2.171223234244671	0.0417931544149332
Zfp318	11.0376545998434	2.139464277682888	0.0957280255128709
Zfp37	2.4176283360200097	2.1456814148364245	0.124200626113641
Zfp949	2.66721577918072	2.431713557636266	0.240209343393252
Zfp956	10.7752255250875	3.273441972899477	0.1799294185949718
